Pressure
1.20467
4.35292
0.633758
0.316929
0.557834
0.484445
0.417988
0.282413
0.533036
1.14
0.495247
1.89341
1.16362
1.81769
0.0485514
1.57045
0.863475
1.1585
2.64823
3.39229
0.409763
1.71127
0.493968
1.14975
1.57253
3.60567
0.93925
0.552883
1.21755
0.077991
0.947763
1.71057
0.766603
0.910284
3.66617
1.98928
0.245507
0.526084
0.432947
0.624495
1.7422
0.363927
0.733023
3.45029
0.304168
0.753556
2.37876
0.400527
2.39659
0.634642
0.377535
0.96975
0.794787
0.757718
0.322552
0.0356611
1.16544
0.6918
0.518679
1.01686
1.12817
0.622222
