Pressure
0.394149
0.405245
3.44236
0.803612
0.0369424
5.17229
0.581088
1.90475
0.893426
1.38825
0.153754
0.310822
0.267091
0.952123
1.22043
0.448916
0.595575
0.450875
0.69628
0.786189
0.378856
1.93792
1.13301
0.135583
0.602684
3.66256
0.708884
0.842082
0.48371
0.676608
0.449316
1.51619
0.136853
0.222716
0.997681
1.62938
1.03644
0.536881
0.738879
1.11606
0.719339
0.599406
0.233113
0.201767
1.69607
0.234088
0.309479
0.860063
0.452591
1.1933
1.88188
0.762763
0.286624
0.217518
0.206098
2.36512
0.381478
0.290047
0.0970343
0.708937
0.360472
1.69393
1.52716
1.92346
0.542465
1.17059
0.0607265
0.205173
0.356549
0.451067
0.667195
2.11144
0.688894
0.27729
0.509595
0.177024
