Pressure, Change in distance between ball and goal
0,-651.829
0,-165.835
0.00266636,1370.02
0.00713213,-38.3369
0.0232911,-391.055
0.0290294,-294.862
0.0347231,-124.777
0.0353743,-340.179
0.0415034,724.645
0.053503,958.503
0.0553025,-1275.09
0.0598941,-31.9277
0.0789745,78.9238
0.0885282,-2057.72
0.0935044,709.958
0.0967828,-456.982
0.09938,1084.61
0.103543,-197.949
0.117111,-892.758
0.117247,175.196
0.123909,117.677
0.132476,399.937
0.135384,133.249
0.13549,1808.54
0.137679,619.533
0.140717,-1271.7
0.15055,-1105.79
0.15234,1886.51
0.154405,212.895
0.1549,796.024
0.156304,946.694
0.158594,-369.095
0.158656,-29.8155
0.161129,-12.4268
0.163539,-1634.79
0.167343,1067.85
0.172691,-1347.95
0.176751,1403.61
0.181153,943.621
0.188241,-676.483
0.189754,1356.93
0.194578,-1002.39
0.197331,-1134.81
0.200412,-1019.38
0.202945,1152.14
0.207641,-1420.14
0.208026,-95.9192
0.20885,-985.624
0.209386,966.606
0.209754,411.162
0.211145,363.303
0.214286,-945.414
0.218764,-1313.92
0.221225,288.627
0.221646,-37.641
0.222929,-1708.19
0.224335,-521.206
0.224406,1438.61
0.225013,2776.9
0.225648,-170.112
0.228344,-341.11
0.232532,1.62589
0.232656,463.707
0.232811,1412.99
0.235703,624.204
0.235993,625.622
0.237645,1389.84
0.242843,2133.83
0.24409,-134.365
0.248079,-364.34
0.248502,1151.39
0.249646,1296.6
0.250118,55.1016
0.253532,-123.923
0.253589,1352.71
0.257038,529.18
0.257137,714.831
0.259583,-960.995
0.259875,222.761
0.267312,-369.55
0.267317,1248.03
0.272481,-56.9231
0.274972,938.883
0.275975,-250.701
0.283488,-682.178
0.285366,859.662
0.286419,-243.592
0.288956,-11.6205
0.293114,160.422
0.299048,-835.1
0.300347,-110.149
0.303395,-187.247
0.303816,-128.319
0.306091,2392.2
0.311737,66.0114
0.319578,-209.28
0.321,891.327
0.325455,13.0968
0.326207,187.85
0.326219,1129.64
0.329382,-907.393
0.33006,-1524.46
0.331416,2010.83
0.332789,-402.7
0.33884,-152.265
0.339469,1020.23
0.340171,1362.16
0.343024,-696.935
0.346206,-620.795
0.352337,466.892
0.355566,1415.95
0.356131,-863.677
0.358572,252.924
0.360482,601.341
0.365143,-946.227
0.367738,198.342
0.368653,1331.26
0.375288,56.9458
0.376915,-1758.64
0.380208,354.243
0.385398,-676.305
0.385587,197.395
0.387267,-1951.77
0.397079,-68.1668
0.397828,-204.415
0.398046,1198.75
0.398647,8.16899
0.398856,-215.943
0.400398,-97.484
0.401612,141.673
0.407808,-99.0181
0.410198,646.723
0.411265,-426.406
0.411834,1932.17
0.412145,1003.08
0.412619,819.941
0.413502,-336.713
0.414111,189.355
0.414432,520.892
0.418048,1128.58
0.418364,-3328.74
0.418983,1262.5
0.42141,-890.119
0.422282,1391.53
0.423002,-1526.84
0.425104,-484.023
0.425519,448.195
0.427235,2177.86
0.42835,1711.93
0.428867,-1022.68
0.432291,106.549
0.437344,-116.37
0.437932,912.133
0.438406,-49.1705
0.438817,815.426
0.442375,-311.166
0.443222,-1324.56
0.446691,-563.413
0.449452,698.224
0.45208,-373.299
0.452313,25.3583
0.453062,241.851
0.453407,1081.06
0.454546,-838.349
0.45678,47.0929
0.45786,-725.582
0.462894,-1410.99
0.465575,1431.04
0.470737,1133.9
0.470776,139.43
0.471374,-695.871
0.472517,477.866
0.472837,1749.14
0.47982,-356.386
0.480462,432.501
0.485921,-760.321
0.486014,165.159
0.486867,-722.827
0.49063,-70.2394
0.491033,957.414
0.49222,-662.325
0.495881,-370.873
0.495991,866.211
0.497591,-342.88
0.500637,416.108
0.503687,-62.4537
0.5046,-415.057
0.506256,2466.88
0.507329,1203.03
0.508577,1155.6
0.509552,1793.82
0.509613,-979.693
0.511926,1018.3
0.512989,1104.92
0.513357,-225.237
0.513784,-208.284
0.51461,-766.8
0.515995,2114.34
0.518301,1059.1
0.526151,-2288.19
0.527585,725.752
0.527817,-1308.32
0.528145,-573.369
0.531956,-126.238
0.533771,-121.387
0.537661,548.833
0.541216,742.418
0.542911,1268.51
0.543864,512.81
0.547383,-837.849
0.54891,-1373.38
0.552487,100.037
0.556586,-1793.73
0.5633,407.506
0.566861,1970.62
0.567434,767.758
0.572774,206.798
0.573203,-149.132
0.573551,-709.947
0.575329,3707.05
0.576007,-273.325
0.580658,-272.472
0.581714,-1208.95
0.582618,-136.706
0.588622,-675.425
0.590521,-404.003
0.596758,921.517
0.603397,521.519
0.603558,-1524.42
0.606085,1244.72
0.606902,-229.337
0.609148,-441.491
0.609445,-273.385
0.610014,549.645
0.611558,1062.68
0.613013,24.8033
0.613537,3101.7
0.614225,1616.65
0.614649,-622.824
0.615237,112.485
0.615747,-572.306
0.621577,256.963
0.625974,72.4891
0.626475,-953.434
0.637858,890.563
0.638817,358.918
0.63889,893.376
0.639512,-2251.08
0.640286,726.821
0.641485,780.937
0.646043,726.38
0.649377,-233.001
0.649408,958.951
0.652195,-507.623
0.657432,-3873.78
0.659397,-211.321
0.66551,1093.73
0.666153,1202.62
0.668376,246.37
0.676595,-523.357
0.684935,-317.906
0.685807,-596.495
0.686217,-1777.09
0.691164,977.61
0.699642,-1403.99
0.701109,-1126.84
0.70121,481.562
0.70183,75.2836
0.704266,999.85
0.704627,2154.56
0.704941,1721.92
0.705596,1425.62
0.706111,306.382
0.709044,289.738
0.709513,-1040.1
0.713729,873.364
0.714335,722.625
0.719476,-627.01
0.722493,247.65
0.724634,1430.52
0.729624,-1534.43
0.731698,2983.03
0.731732,-119.45
0.734254,648.477
0.736629,-113.893
0.73901,-759.691
0.741052,208.539
0.742805,899.618
0.743778,-712.755
0.745926,-161.991
0.746135,7.12174
0.74832,383.439
0.748695,640.426
0.749131,1010.53
0.750507,2691.32
0.75153,-208.705
0.751648,2325.03
0.75605,1104.21
0.756155,3003.65
0.762161,1291.34
0.762347,212.609
0.763865,427.437
0.76543,28.0613
0.76641,-1314.68
0.769459,-1172.33
0.773119,307.602
0.776537,231.13
0.776821,526.175
0.778683,228.746
0.781283,-368.342
0.783409,-380.598
0.783489,389.036
0.786962,2232.02
0.787994,11.8211
0.788883,431.405
0.789496,-282.453
0.793375,685.233
0.794726,-1087.16
0.798538,441.889
0.799923,1898.4
0.805208,-1267.56
0.806949,-445.821
0.808532,-123.463
0.814556,-836.645
0.820476,-1449.26
0.82448,344.719
0.82485,580.382
0.837018,2354.85
0.83723,1434.65
0.837663,1372.05
0.839845,-138.255
0.840113,99.9325
0.841788,484.533
0.841967,886.559
0.842785,-18.4338
0.845656,-222.229
0.849019,-67.0741
0.850041,-536.045
0.85288,1221.48
0.854442,697.106
0.85771,96.2105
0.857714,1847.23
0.859762,-4.44613
0.860539,1191.03
0.865366,1934.73
0.867816,1694.22
0.869066,651.541
0.876321,660.927
0.878015,-60.1929
0.884414,1039.62
0.884776,-367.454
0.88759,-422.43
0.888116,1913.5
0.891004,302.593
0.891736,793.276
0.900966,-865.338
0.901407,51.8273
0.902869,1937.14
0.90438,896.88
0.908033,1255.71
0.914009,755.568
0.918346,827.08
0.9234,-850.296
0.932649,-272.502
0.932915,-627.37
0.934339,-959.894
0.944024,168.989
0.945521,-813.188
0.947511,-732.866
0.958064,1745.05
0.959587,189.61
0.961745,-1978.31
0.963482,117.337
0.968791,747.457
0.969269,-1256.76
0.976782,-791.705
0.977666,198.953
0.979066,-826.366
0.979449,962.609
0.980726,-597.279
0.983883,714.841
0.987441,328.589
0.987965,-783.426
0.990516,158.688
0.992016,-759.11
0.993619,2387.52
1.00072,-219.114
1.00411,-792.918
1.00474,-1154.37
1.01651,1379.61
1.02394,2471.78
1.02591,146.838
1.02639,196.535
1.02902,77.788
1.03023,-572.313
1.03653,2498.52
1.0413,2965.9
1.04619,-2508.22
1.0552,816.439
1.07274,-963.967
1.07518,697.669
1.07832,376.799
1.07856,2593.85
1.0789,-660.113
1.09747,-33.5307
1.09795,2708.41
1.09913,-229.199
1.10586,37.3626
1.11264,396.851
1.11645,230.719
1.12205,816.579
1.14125,38.4555
1.14449,582.339
1.15283,781.36
1.15413,866.896
1.15559,906.164
1.15872,-50.7621
1.16807,-418.086
1.17396,1755.48
1.17635,1650.7
1.17807,-469.727
1.18091,2506.88
1.18199,327.554
1.18428,796.216
1.18509,-740.564
1.19494,129.97
1.19864,-282.741
1.21157,1133.88
1.2174,-265.607
1.2208,-143.861
1.22361,-550.198
1.22569,-503.086
1.22922,1835.19
1.22934,553.757
1.23285,60.6752
1.25421,672.601
1.25515,1210.77
1.25713,1724.47
1.25785,767.795
1.26327,371.817
1.2812,1803.35
1.28628,1645.83
1.29051,523.778
1.29232,556.915
1.29732,-103.699
1.30108,163.678
1.30425,1367.12
1.30944,-127.59
1.32474,-551.261
1.3271,-330.029
1.33527,-517.775
1.33809,104.302
1.3448,-731.583
1.35934,-144.72
1.35954,-1505.23
1.36873,868.182
1.38554,236.681
1.38938,-379.104
1.39017,2529.03
1.39599,-476.821
1.40321,451.983
1.40617,594.514
1.40969,118.599
1.41299,1937.09
1.42518,-6.79769
1.43856,835.141
1.44167,1606.85
1.46039,1365.69
1.46384,-1423.69
1.48111,913.938
1.48252,-612.74
1.4911,-476.485
1.51048,-650.196
1.51992,917.241
1.56334,939.921
1.56349,2133.37
1.56656,-69.0151
1.56959,1765.74
1.58347,-1316.32
1.58503,337.813
1.59772,-1072.78
1.59978,-718.686
1.60597,1643.35
1.60874,1711.2
1.60933,-478.681
1.61683,-1031.09
1.62449,-450.838
1.62642,-708.557
1.6334,-476.737
1.64942,-418.178
1.66101,-117.271
1.66329,-7.33215
1.6748,343.331
1.68,625.374
1.68036,-664.236
1.70293,-137.433
1.70762,94.805
1.7123,80.3454
1.71783,-163.385
1.72114,584.102
1.72219,-53.8758
1.72467,731.722
1.72806,-142.249
1.75173,-1067.88
1.78632,-664.804
1.79118,760.964
1.81956,-730.848
1.85526,352.514
1.85875,-878.398
1.86359,-115.733
1.88199,371.468
1.91543,5.50817
1.9517,1636.31
1.9719,-222.87
1.99377,485.912
2.01426,-238.665
2.0149,176.729
2.02668,285.648
2.03055,-1166.27
2.04281,618.572
2.05207,418.937
2.05386,199.515
2.06184,46.8802
2.10062,636.287
2.11285,10.4587
2.2052,-313.994
2.21663,-445.131
2.21814,627.258
2.29437,903.627
2.32944,924.15
2.34035,-304.12
2.34182,688.663
2.39249,-839.16
2.41192,-1641.94
2.42142,881.991
2.51595,1548.26
2.517,169.682
2.52222,-652.381
2.53866,965.511
2.5497,-9.93956
2.55701,-401.766
2.57125,695.959
2.59361,-72.5521
2.61097,479.936
2.64695,950.459
2.67443,2375.95
2.74371,557.256
2.8207,804.285
2.83188,-160.901
2.83641,391.251
2.94771,-286.468
3.08589,753.326
3.11791,-918.699
3.16352,366.97
3.20696,783.805
3.27256,1562.32
3.30066,926.998
3.30682,2389.32
3.6168,-689.247
3.8032,293.153
3.80651,-1826.56
3.86157,-2843.77
4.00487,1502.3
4.41863,-1136.31
4.58161,-60.566
6.50944,459.561
