Pressure
0.346799
3.30825
1.00448
0.123266
0.761097
2.27257
6.63958
1.50449
0.452484
0.712434
0.713497
0.930358
2.03937
0.397334
0.497955
0.448334
0.937988
0.00983088
0.593363
0.389183
1.66426
1.4117
1.08175
1.12648
0.774846
0.849436
0.485221
0.281262
0.931785
0.381326
0.846982
0.507334
0.806889
0.257423
0.689761
0.17412
2.42106
0.618635
0.396783
0.484384
0.0865784
1.69746
0.204834
0.32518
2.18752
2.50438
0.382817
0.9023
0.591704
1.32732
1.04943
0.595426
1.2335
0.698722
0.957053
0.431256
0.265023
0.692805
0.631156
2.32088
0.652123
0.579573
0.432196
0.446504
1.03641
2.17834
0.896107
1.62665
0.678057
0.568887
1.2194
0.066068
1.23854
2.12313
1.55108
1.19718
1.03298
1.19044
0.856165
1.79115
0.591789
0.531184
0.393666
0.291265
2.74902
0.609317
0.532585
0.250164
0.388116
0.573449
0.0495092
2.24876
1.47901
0.333016
0.266171
2.03566
0.271454
0.737118
0.147449
0.61964
0.780775
2.72405
1.12109
0.359897
2.41572
1.27512
0.482845
1.74897
0.330468
1.36514
0.834145
0.403077
0.606178
0.437408
3.67206
0.328252
1.97278
0.621257
0.585636
0.919935
0.30061
1.33059
0.688662
0.408571
1.10195
1.42159
2.79976
0.502638
0.246577
0.487907
0.266906
0.629747
0.212482
0.916624
1.43416
0.145035
1.18822
0.959626
1.1195
1.70214
0.524554
0.734286
0.456651
1.20049
1.15141
0.578039
0.207989
0.46361
1.07607
0.243413
0.403349
1.49772
0.71617
0.35926
3.55211
0.572924
0.114067
3.42243
0.113348
0.656856
0.971327
0.718649
0.464006
1.57936
0.749621
0.71828
5.74413
0.645679
0.275547
1.96379
0.43582
0.272955
1.29702
2.35141
0.399153
0.382935
0.460449
0.137576
1.07266
2.46573
0.84432
1.79355
1.37253
0.560082
1.05797
