Pressure
0.660423
0.682509
0.554799
1.11356
0.741954
0.931363
0.750567
1.68811
1.18843
0.3582
0.482075
3.04504
0.863409
1.45249
0.203047
0.0435512
0.170323
0.482596
0.604033
0.623954
0.691587
1.07388
1.31815
0.400853
0.522457
0.814222
0.742645
1.04116
0.228
1.31086
0.464358
2.3233
2.85744
0
3.08936
2.3394
1.39024
2.46645
0.857719
0.39634
1.53296
1.40084
1.02964
0.234487
1.5617
1.7287
1.57642
1.17635
0.587798
0.91385
0.4113
0.427771
6.80683
1.02675
0.490065
1.70604
1.21991
2.25766
0.0768313
0.341418
0.614008
0.75469
0.261473
0.514743
0.605892
0.560958
1.33819
0.0974385
1.74059
1.58317
4.52305
0.163285
0.200861
0.34158
2.47782
1.77857
1.55326
0.775231
0.801178
0.631722
0.458311
0.396907
0.533565
0.224848
0.48582
0.470653
4.16824
2.33236
2.09985
0.775258
0.41867
0.0872484
1.80166
0.504443
0.193808
0.134165
0.118181
1.91214
0.670284
2.04442
0.277975
0.552076
0.0833196
0.816478
4.69043
1.85363
1.29452
0.266481
0.421428
2.45781
2.13361
0.92019
0.696526
1.70194
1.56214
0.282558
0.559442
1.38832
0.622925
0.2664
0.513483
1.50459
1.71678
1.83194
0.482347
0.212396
0.347997
1.82656
0.613895
1.81101
1.06843
1.22054
1.95028
0.237552
4.03523
0.915492
2.07525
0.479605
0.729851
0.48626
4.07168
2.40905
0.697904
0.199276
0.375823
0.0842211
0.116058
0.314975
1.12873
1.0099
0.321945
0.406082
0.297649
0.368885
1.2909
1.67208
0.483819
1.10105
0.536785
0.378408
0.552814
0.651234
0.597862
0.212508
1.69729
0.91599
0.82372
0.454929
0.860789
0.883513
1.06196
1.11877
0.614789
1.14222
0.856343
1.20852
0.124551
0.981561
1.35323
1.89731
0.302636
0.778751
0.800603
0.0721564
1.16896
0.631261
0.697474
1.4724
0.922513
2.95384
3.38128
0.620897
0.456849
2.31585
1.64266
0.497731
1.01749
0.650487
