Pressure
2.44108
0.599439
1.74697
1.40566
0.151876
0.65336
4.69551
0.949715
0.113895
2.29495
1.73481
0.592408
0.181591
0.352525
2.09808
1.5815
1.95016
0.662084
2.44424
0.117096
0.904226
5.18817
5.62938
1.35534
0.154249
0.277433
1.08673
0.714285
0.630718
2.0954
1.15768
0.244701
1.32085
1.63814
0.794487
1.35649
0.653043
0.430577
0.367567
1.59348
1.08519
0.753096
3.38011
2.71297
0.637174
0.714225
0.878083
0.862872
0.385153
1.25014
1.38971
1.0336
2.51844
0.532672
1.57503
3.3055
2.35455
0.650381
4.38331
0.0548009
0.653094
4.32303
2.76906
0.534163
0.595407
0.469374
2.57999
0.356468
1.8191
1.11075
2.04488
0.386533
1.16454
0.450465
0.391549
0.157948
0.652822
0.795611
0.442645
0.132279
1.00376
0.559197
1.55595
0.57687
0.0295151
0.117508
1.97929
0.699129
0.448056
0.839418
0.647567
0.430076
0.276256
0.962012
0.470354
0.890899
1.11618
0.509665
1.32618
1.16461
0.896481
0.881893
0.286131
1.53692
1.00607
1.48196
1.56947
0.854024
0.150075
0.438637
1.23577
1.05028
1.62006
0.793599
0.679311
1.61067
0.506979
1.46876
0.569613
0.310475
1.91656
0.156712
2.10213
0.591182
0.320067
0.317052
0.369428
2.00977
0.452233
0.481169
0.212684
0.412481
1.5441
0.438726
0.435767
0.0562223
1.39569
1.80098
1.33731
1.69203
0.15754
0.430667
0.940936
0.198574
1.12103
2.43484
0.853209
2.83979
0.557309
1.21759
1.22889
0.599373
1.55418
0.589318
0.0293643
1.78553
0.606135
2.1051
0.36839
0.921699
0.929474
1.08772
1.02587
0.204068
2.01927
0.774561
0.225955
0.531499
0.863133
0.847817
0.100109
1.33628
0.905192
1.83921
0.761791
0.403622
0.465874
0.527887
1.32559
1.15008
0.729762
1.53339
0.549639
0.830655
0.536153
1.42816
0.543079
0.825465
0.938897
1.01973
7.41154
0.776783
0.185218
0.742722
2.90751
0.52906
0.192766
1.81428
1.2125
1.91528
1.48975
0.395477
1.34598
0.26949
0.718759
1.2889
0.975952
1.41318
2.78677
0.238035
0.310346
0.969684
1.43061
0.696626
