Pressure
2.34975
1.14704
0.930294
4.62945
0.0126934
0.601419
0.766791
1.8041
1.81363
0.155483
0.720215
0.97492
0.227195
0.519212
0.529634
0.908685
0.356969
0.631168
0.85883
0.683273
1.64161
0.160576
0.606297
0.533447
0.206342
0.36207
0.28412
0.217294
0.0576634
1.35071
0.826401
1.25932
0.798963
3.80118
0.485644
1.11794
0.523775
0.677412
1.8033
0.175156
0.049673
2.52688
0.700357
0.472922
1.20979
0.635179
0.822452
0.991633
1.06639
1.16658
0.515575
2.1133
0.390033
0.0257339
4.91905
0.089418
2.18269
0.195757
2.22346
0.345704
1.35167
0.711668
0.782051
1.10774
0.112615
1.82829
9.36732
1.48518
0.103113
1.26934
1.51923
1.57482
0.223127
1.31809
1.89932
0.641899
11.58
7.8973
0.231447
0.0259554
0.938724
0.50866
0.891611
1.0051
2.19793
0.411203
1.03442
1.21651
1.45188
0.931765
0.438459
0.553184
1.19713
0.932876
1.95612
0.476545
0.831999
0.292195
0.81317
1.04029
0.729807
0.368896
0.318551
0
0.928474
0.453586
0.962785
1.00651
1.25621
6.45352
0.764618
4.85211
0.242563
0.857962
2.00808
0.139686
0.458511
0.484009
1.2822
2.01688
0.399001
0.356184
1.32528
1.66337
0.556848
8.66061
1.29766
1.02702
1.80334
0.700738
2.92604
0.893851
2.61997
0.527738
2.14346
2.07107
0.448799
0.635545
1.19701
0.588305
0.206915
0.287155
1.44069
0.359383
1.50628
5.00619
0.81173
0.66132
0.560709
0.0648761
1.83238
0.599089
6.1055
0.18092
0.41673
2.19061
0.190278
1.03994
1.36667
2.67854
0.50005
0.996761
0.525934
1.5632
2.68842
1.17692
4.45613
1.33229
0.232027
0.481663
1.36991
2.1487
0.364662
0.354995
1.66323
3.04246
1.5458
2.70266
0.116183
0.541357
2.28078
9.74952
0.12193
1.52944
0.501221
0.13963
1.60441
0.589579
2.03672
3.15467
1.05723
0.650145
1.50353
0.635141
0.289956
1.01252
1.60784
0.502067
0.165162
1.97379
1.18571
1.66348
0.189259
1.34278
2.96183
1.78119
0.826249
1.4224
2.56474
2.28462
0.019423
0.953295
0.373265
0.472281
1.01533
1.16493
1.20376
1.32636
1.37354
0.375693
0.750507
2.46725
0.819203
0.0239919
0.780124
2.51648
1.32876
0.192395
0.185376
0.925916
0.720875
0.4081
0.475181
0.620123
0.579703
3.19117
0.689821
1.36371
0.484867
1.15832
0.761876
2.2365
2.32034
0.882438
2.1021
0.350183
0.507832
4.42707
1.40748
1.22907
1.69281
1.2071
1.77045
3.29931
0.724126
3.20764
0.688938
1.00314
0.591717
0.357317
0.813778
0.674345
1.19868
1.01668
0.570053
0.629274
1.88669
1.22769
0.361859
0.093283
0.114799
0.742711
0.850351
0.170037
0.834255
4.67655
0.435235
0.986294
1.13437
0.311041
0.857103
0.785052
0.704041
0.258464
1.30461
3.45804
0.34354
0.339703
0.655053
1.34108
0.668128
0.627768
0.781506
1.37663
0.211643
0.462753
0.417591
0.526311
0.192824
0.553809
0.568534
0.163503
0.301755
0.720262
1.0031
0.536579
0.603494
0.550022
0.650819
2.98248
2.17896
2.064
0.120227
0.704944
1.12103
0.610387
0.865868
4.89983
0.816474
0.719197
0.720306
0.801305
0.491714
2.65323
0.823794
1.58479
1.54477
4.64599
2.26026
1.45703
0.67256
1.02723
0.607274
0.929023
0.498185
1.38181
0.881767
1.54139
0.50848
0.710949
1.03934
1.08631
1.64059
0.425434
0.208034
0.521562
0.992339
1.08826
0.0901221
2.05818
0.85899
0.28802
0.22062
1.18775
0.832544
0.401321
0.0642244
0.00909492
0.437031
4.06417
0.720708
0.79609
2.43387
1.21909
0.775242
1.44931
2.13018
1.64678
0.525285
1.09709
2.82133
0.463561
2.15932
0.524305
0.234451
1.41354
0.256833
1.22279
1.0221
0.514559
0.678877
0.406051
0.629546
1.20553
1.98706
5.11842
1.45912
1.91582
1.39399
0.317947
1.57755
2.05
0.941271
0.270324
0.908826
3.02908
0.377636
0.296599
1.34868
2.1662
2.85636
0.644074
0.419173
0.815319
3.0826
0.282499
0.84814
2.31139
0.340062
2.59824
0.611993
0.548619
1.2503
0.509968
2.43013
0.182391
1.4543
1.87853
2.52264
