Pressure
0.637828
1.32862
1.35104
0.646976
0.423582
0.597227
0.335735
0.764049
1.42629
0.51108
1.23344
0.901528
0.590383
0.203434
0.618642
1.15892
0.590496
0.606294
0.382661
0.959352
1.91731
1.99048
0.262213
1.5369
0.156727
0.877286
1.08452
0.424252
0.39736
1.84581
0.612008
0.652815
0.688148
0.298851
1.18509
0.46978
0.932738
1.18361
0.579157
2.28372
0.174075
0.253658
0.257198
0.983201
0.85243
0.857742
0.627835
4.38873
2.32276
0.909005
4.36316
0.334873
0.349509
0.751971
1.7646
2.7027
0.0227966
0.515981
1.02964
1.11722
1.73954
1.36183
2.55391
1.39098
4.48982
0.176988
2.75982
0.60784
0.723367
0.262996
0.820353
0.675459
2.78792
0.857464
5.75526
2.60155
2.08632
0.21115
0.956699
1.15414
0.534925
2.99918
0.606087
0.552903
0.330297
0.213614
0.896229
2.90842
0.529853
0.271025
0.484157
0.478562
0.644172
1.21213
0.0570513
0.670142
1.17405
2.39313
0.540104
0.311932
1.46078
0.84745
0.390446
1.11528
3.10404
1.21724
0.358291
1.38854
0.889309
1.45068
1.60805
0.638701
0.562142
0.492845
2.46964
2.13783
2.3758
1.69753
0.845476
0.0777009
1.31305
0.474817
0.104247
0.332858
1.40659
1.25715
2.47235
0.703284
0.759545
0.491114
0.980759
0.691398
2.41463
1.46357
1.68423
1.24118
0.77293
2.34867
0.738919
0.505311
0.891241
0.770609
0.74235
2.59749
0.386928
1.48338
0.892073
1.13602
0.903348
0.665468
0.76809
0.748855
1.4107
1.21904
1.31304
1.77929
1.26167
0.472599
0.597586
0.313831
0.459072
0.944078
0.492495
0.850032
0.200762
0.841037
1.56527
0.477313
1.32086
0.878676
1.95496
0.32954
0.306749
1.21906
1.6027
1.31453
0.642092
1.19471
0.559364
2.39401
0.47662
4.58404
1.26277
1.00914
0.604359
2.09763
0.840838
0.948521
0.295699
0.485581
1.19325
2.96261
2.55979
1.9064
1.80207
0.553214
2.53285
0.948542
5.51118
0
1.87763
1.05718
1.13088
0.891124
0.910939
1.87008
0.545703
1.68218
5.25878
1.03734
1.78817
4.20714
1.31035
0.639355
2.15869
1.21573
0.450643
0.168258
1.84184
0.518674
1.89179
1.09947
4.89495
0.4563
0.957154
0.0167469
0.449501
1.14522
1.03323
1.24005
0.526867
1.21243
0.387378
1.84821
1.08906
1.93978
0.702291
1.77309
1.65457
1.00248
0.835278
1.64817
2.88624
2.65397
0.848007
0.35142
1.58774
1.61802
0.433374
0.165549
0.852088
1.93452
3.08612
0.438572
0.736832
1.07761
1.31807
0.979613
1.03491
2.11827
1.52075
0.39654
0.746105
0.461917
0.471724
0.85729
0.89854
0.726807
0.333473
1.24811
0.989878
0.582033
2.13031
0.27721
0.468357
3.24229
0.279949
1.39143
1.89839
0.781144
0.789938
0.558184
0.705837
0.478689
2.95845
0.959094
0.468722
0.536606
0.597923
2.83541
0.78637
2.35834
0.25712
0.584853
0.112354
0.141974
0.0983624
2.62829
0.817497
1.12068
0.32591
0.945005
1.37418
0.351831
0.367528
3.37349
3.63112
4.59043
0.601605
1.30839
2.38325
2.35523
0.304206
0.392546
0.398271
0.212194
2.72541
1.53125
0.554344
0.236595
0.196013
1.19744
1.70881
2.88233
0
1.29526
1.24292
1.12358
0.621091
2.22393
1.12762
0.574615
1.11756
2.25843
0.624087
0.246882
0.705564
1.9432
0.809143
1.96337
1.93462
1.70322
1.5696
0.37856
2.1463
1.19709
1.24487
0.235652
2.16844
0.4908
0.27677
0.499322
2.8716
0
0.499681
3.33304
0.891816
1.48309
1.59736
0.597711
1.79246
0.204953
0.60907
1.59469
1.62368
