Pressure
0.446959
3.57971
0.807158
1.03175
0.123389
1.02066
1.21672
1.07396
0.15688
1.08712
1.13521
3.26241
1.24656
1.85769
0.421645
0.159527
1.3362
0.214643
0.779506
2.63471
3.16528
4.93876
1.53344
0.936554
2.3734
0.113975
1.69552
0.62738
1.47923
1.49706
0.399727
2.40082
0.0322641
0.64083
3.4582
0.68122
2.10433
0.0640651
3.38203
0.202357
0.468211
2.67923
0.332531
0.655576
0.530553
0.908081
1.74358
1.3678
0.154782
0.760512
0.362863
0.54198
0.6229
0.441914
2.53145
0.549072
0.979925
0.625726
0.0429274
1.63401
2.01588
2.28263
0.464505
1.01555
0.292303
0.724219
1.99564
1.02854
0.252687
1.43367
0.177497
0.999137
0.965303
0.718729
1.29713
1.86523
0.58165
0.826689
0.486916
0.751147
1.46637
0.356709
0.608333
0.0135518
1.11105
0.270232
2.11289
0.201362
1.41902
3.15509
1.63189
0.787324
2.85841
0.464427
0.46968
2.23459
0.830025
0.946888
0.328406
0.0803869
0.915562
0.630589
1.00751
1.11528
0.020056
0.0409418
0.482677
0.554633
1.661
0.279748
0.512685
2.64144
1.84802
0.417013
0.516992
0.38639
0.879611
1.67527
0.909985
0.294856
1.58043
0.517564
0.566022
4.09211
0.989955
0.204039
1.7951
0.354612
1.59646
1.73108
1.11372
3.93571
