Pressure
0.56508
2.41015
0.837816
0.762508
1.06506
0.58973
1.67964
0.663257
0.743211
0.576096
0.259366
1.80427
1.45683
1.03852
2.65575
1.41511
0.444264
0.705885
0.0663034
0.461418
0.213674
1.83694
0.848339
0.362592
1.22326
2.14569
0.492767
0
0.586511
4.03339
1.16994
4.69706
0.534271
0.521616
0.778585
0.812414
0.101299
0.440501
0.630173
0.809841
1.98094
0.333887
2.69702
0.682288
0.257342
0.590104
1.27472
0.461488
0.369773
4.65972
0.947567
0.131301
0.605123
1.08194
1.14711
0.492711
0.470862
0.540678
0.323154
0.696928
0.365802
2.15589
1.58339
0.296859
5.22826
0.368541
0.486145
3.04923
0.752264
0.566484
0.674762
0.0755806
0.837433
0.158762
0.815633
2.20432
0.751091
1.57937
2.85566
2.99955
0.180529
2.28054
4.0153
0.0839614
0.234719
0.425088
0.305288
0.75976
2.49564
1.34259
0.88424
0.329037
0.719606
1.50133
0.765728
3.56339
1.65754
1.18562
0.156542
0.512285
0.44541
1.29781
1.85899
0.174484
0.901537
1.16661
2.33241
0.0920272
0.681701
1.27687
0.866717
0.647782
0.370917
0.731758
1.36068
0.247145
1.24076
1.04548
0.431352
0.803317
0.550842
0.58089
0.627297
0.340194
1.09529
0.559606
0.705165
1.186
1.38329
1.91877
1.2685
0.0429431
0.759086
0.638001
0.726716
1.33652
0.963869
0.999633
3.26068
0.803606
1.92756
1.8447
0.319235
4.3258
0.636483
3.52702
1.08869
1.41471
0.323403
0.991979
2.11108
