Pressure
0.832448
1.15026
2.04078
1.41636
0.673971
1.88624
1.73359
2.07426
2.95506
0.113835
1.1727
0.131719
2.15073
0.723766
1.1373
0.592087
0.793366
0.0809212
0.432499
0.314697
0.335805
0.638783
0.23358
4.50967
1.73732
1.93593
2.85603
1.06189
3.31381
1.29545
0.664271
2.0365
1.50061
1.40487
0.707372
3.47612
7.01653
1.83048
1.07269
2.4234
1.04872
0.587068
1.71084
0.49531
0.433935
1.07037
3.96365
2.15605
0.535726
2.78688
0.701621
1.80898
2.03912
1.10945
0.622779
0.814266
4.69043
2.46524
0.255122
2.3397
2.74953
1.89097
1.14266
0.761991
1.13958
0.517981
2.4152
0.447255
1.73514
1.08181
0.418782
1.12713
0.59424
1.27623
1.53581
3.10073
0.340945
0.808925
1.06286
0.606179
0.324373
1.82134
0.478182
2.41168
0.799523
4.5205
0.239833
2.70542
0.25477
0.489759
6.44946
0.794742
3.46119
0.456017
1.13681
4.22025
0.963656
3.75938
0.703209
0.786969
1.09765
0.770542
1.74914
0.738665
0.535436
0.682632
1.50024
0.855929
1.7954
3.28057
0.979703
0.994585
0.862649
1.30356
0.145222
0.983472
1.48579
0.266058
0.420977
1.36464
0.255669
0.268398
0.965666
3.00629
0.212641
0.924186
0.206759
0.987958
0.811991
0.751585
0.521759
2.01199
2.58212
1.01449
0.119204
