Pressure
0.913428
0.251202
0.333205
1.44115
1.13886
1.00381
0.638657
0.51945
1.70618
0.467128
0.261327
0.385288
0.811583
4.04521
0.99864
0.413313
0.0662615
0.810424
2.48617
0.98456
0.780339
0.896848
1.32752
0.539687
0.269855
0.654124
4.58437
3.50772
1.56769
0.677271
0.259258
0.599909
0.402773
1.56853
0.273838
1.03968
1.17308
0.718227
2.28208
0.716825
0.0625704
1.66893
0.390648
0.74194
0.0885634
0.930639
1.02881
0.539354
0.584792
1.12897
1.87294
1.04895
0.18978
0.414051
1.22089
2.42723
0.945892
0.695892
0.925496
1.47637
0.820586
0.140067
2.03101
4.29637
0.979984
1.22097
0.18679
1.26064
0.741064
0.333318
0.467327
1.57606
0.918929
1.33048
0.906544
0.625508
2.54869
1.58164
0.523619
0.326545
1.60555
5.26451
1.18104
1.66808
1.47346
4.43306
0.120687
0.00799305
0.574486
1.75334
0.84862
0.59986
0.968491
0.396198
1.14975
0.64151
1.97278
0.742083
0.429614
0.802836
0.388235
3.67111
0.501916
0.983115
0.0958025
0.518387
1.05141
0.567876
0.894393
0.75501
2.25249
1.66106
1.0723
1.61899
6.88499
1.15917
0
1.53453
5.53118
0.583953
2.64296
0.436939
1.05023
0.117968
2.42213
0.290321
0.421721
0.385076
0.454722
2.48032
0.588985
0.443008
0.238041
1.32405
0.297261
1.60028
0.367031
2.63932
1.12379
0.871716
1.00667
0.133584
0.663735
1.31121
1.12907
0.374327
0.862488
0.608606
0.33898
0.253961
0.435351
0.769234
1.29605
0.896586
0
1.2315
0.579444
2.10191
0.399838
0.195734
0.0849747
0.368261
0.3082
1.90065
0.164531
3.38444
5.30127
0.0567033
2.1746
1.57626
0.78539
1.15474
2.69891
0.881083
0.70399
0.607607
0.636737
0.686002
1.27213
0.969873
1.77167
0.223253
0.0720588
0.731912
1.01609
0.108505
0.143377
0.445115
2.15382
1.40297
0.712802
1.60691
0.951645
1.87252
1.76286
1.21392
0.831988
1.26675
0.0891661
0.284379
0.196566
0.261113
0.0658778
4.33288
0.752103
0.861128
0.720148
1.04688
1.41455
0.847326
0.99434
0.24563
2.49809
0.678399
2.02905
1.0632
2.65025
0.743354
1.29073
0.612093
0.985741
0.688995
0.687616
0
2.41828
1.77823
1.38871
1.24384
0.254437
0.377561
1.40294
0.95495
0.61153
1.20726
0.428753
0.618196
1.91161
0.663653
0.442882
1.19486
2.94921
1.439
0.325717
2.15089
1.32402
2.65824
3.27224
0.108529
0.667306
0.455246
0.527804
2.09604
1.14439
1.82989
0.935123
1.38312
0.830968
2.02346
3.51574
0.448235
0.223758
0.76882
0.994911
1.78089
2.4101
0.286241
0.192483
0.0951783
0.39629
1.23567
0.997742
0.802832
1.63039
2.06284
2.6365
1.5548
1.20923
0.270717
0.715252
0.858247
0.296984
2.31243
0.583512
1.8376
0.884743
0.0557526
0.803289
0.763883
1.05674
1.91172
3.36416
0.480176
2.93904
4.9083
2.24248
0.262489
0.611021
0.351953
0.488061
0.403125
3.91027
3.28945
0.622666
2.19046
0.264904
0.566763
0.373375
2.03211
0.614686
0.0596494
0.360245
0.378818
0.728589
0.868455
0.611758
1.38117
1.04002
0.893972
0.650547
0.426589
1.02618
0.513877
0.7642
0.617533
1.1745
0.59638
0.363644
0.389235
2.63851
0.632285
2.42542
1.08033
0.58302
1.81983
5.32995
1.35845
0.917153
0.684354
0.860131
1.40898
0.462373
0.968616
1.14268
0.705484
2.68224
2.3719
0.854155
1.12428
0.281608
1.36901
1.40448
0.918629
0.695712
0.724099
0.328897
0.733141
0.524031
0.139364
0.212107
0.419256
2.14425
1.74578
1.1845
2.75498
0.703762
0.226363
0.6756
6.26339
0.784479
2.11753
3.26108
1.77178
0.614871
0.492841
0.711636
0.980625
2.89596
2.77042
2.30771
1.56205
2.41486
1.30904
1.03683
3.38074
2.47574
0.529976
0.963021
1.50799
1.23617
0.723594
0.93551
0.788238
1.10201
2.13223
1.249
2.65658
0.604416
0.676571
1.43815
2.95349
1.08407
0.65544
0.782516
0.331245
0.0370342
1.29002
1.65742
0.60058
1.67983
3.16499
1.66537
1.93841
0.776858
1.05646
0.999835
0.0965389
0.031381
2.09429
0.259187
5.65209
0.914191
2.28698
0.817403
0.670318
0.379438
0.352041
0.971897
0.927565
0.972845
0.750791
2.30071
0.374635
1.51842
1.43103
3.04967
0.803319
0.185424
0.724108
2.66615
1.28699
0.296879
0.309066
0.906578
1.29408
0.991772
1.07618
2.82937
2.89916
2.26853
0.399534
0.460164
1.01523
1.1128
4.22155
1.32424
1.54738
1.6703
4.41371
1.33044
0.577436
0.402349
2.12581
2.99452
0.665023
0.777497
0.717443
1.35209
1.22521
0.361063
0.499679
1.07478
0.675708
0.740614
2.32186
0.53157
5.67467
0.211767
1.53169
0.740416
0.342072
0.427844
1.38881
1.0963
1.73995
0.682328
2.93956
1.3639
0.883793
0.0200519
1.14769
1.72418
