Pressure, Change in distance between ball and goal
0,2504.1
0.00633479,2173.93
0.0170281,391.376
0.0182345,824.163
0.0193087,-1066.71
0.0216829,344.843
0.0283916,-736.776
0.0294237,-371.742
0.0339977,-1557.45
0.0375135,224.568
0.0380449,-166.486
0.0437665,-139.306
0.0510556,25.4116
0.0628428,-59.8881
0.0654098,538.768
0.0654288,169.604
0.0776068,-1259.43
0.0804284,956.108
0.0840447,-834.371
0.0849061,-343.065
0.0977399,979.215
0.0984709,84.4765
0.0986657,-1431.11
0.0988869,-1389.5
0.12022,447.898
0.124568,-321.258
0.124572,-168.402
0.131959,-1867.4
0.132753,-1228.81
0.134799,-2620.69
0.141229,2719.55
0.141514,-800.014
0.14563,-500.709
0.155049,-1037.59
0.159517,-1099.75
0.163478,4.3522
0.164703,553.977
0.168006,-2622.28
0.168024,152.133
0.173309,1931.92
0.174118,807.436
0.182403,326.129
0.18308,-683.947
0.185644,-166.07
0.18687,-3039.41
0.186931,-1065
0.188844,-1192.76
0.189858,696.494
0.19055,-336.671
0.190719,-285.354
0.192337,-370.005
0.194547,-729.443
0.195627,2171.46
0.196262,-1767.27
0.197345,2178.84
0.204076,-278.926
0.204888,-1091.33
0.205423,-1404.55
0.208411,805.693
0.208508,-4107.38
0.211278,-1044.2
0.215403,-1926.48
0.215731,-2661.62
0.218803,-352.099
0.219472,-693.534
0.220737,-1955.54
0.221451,2034.08
0.221939,1418.85
0.222945,975.907
0.223498,-264.235
0.22482,650.494
0.2268,269.824
0.229163,-4788.19
0.229607,2915.77
0.229867,-811.282
0.23102,-800.561
0.23283,1177.82
0.233968,57.9101
0.234578,490.05
0.239456,1974.18
0.240507,1995.53
0.241332,106.686
0.244277,516.623
0.246752,-875.393
0.248406,1873.93
0.248476,1357.05
0.249248,-1424.14
0.25027,-131.068
0.251643,213.445
0.252196,-536.495
0.252754,3386.78
0.254184,854.55
0.254205,-962.474
0.254391,-205.621
0.256435,-2588.82
0.25799,495.98
0.260091,-1356.03
0.263203,1733.08
0.263267,-208.344
0.263317,-777.471
0.264505,-96.0333
0.266984,-2789.83
0.268111,1550.04
0.269164,-1227.74
0.270148,-368.595
0.27059,-2048.52
0.272019,-1914.19
0.272203,-65.3627
0.272608,-1303.89
0.272981,-1770.1
0.27342,140.137
0.274974,32.5577
0.275279,-1256.75
0.278532,424.908
0.278708,723.986
0.279742,192.86
0.279884,-1314.07
0.280547,-1307.46
0.280653,-1165.68
0.285151,-1693.51
0.287081,-3993.15
0.289661,-1543.47
0.290031,-228.887
0.290737,1158.09
0.290797,-435.81
0.291963,2126.15
0.292184,-1046.17
0.292504,322.187
0.292913,416.359
0.29343,1759.66
0.293634,1439.2
0.294306,-2391.12
0.29757,1034.06
0.298025,1216.78
0.300542,-383.985
0.30098,-172.905
0.301599,-1335.28
0.302202,2741
0.30252,-1199.49
0.302752,-492.884
0.302937,-889.828
0.305174,1968.3
0.307413,-10.5596
0.30901,1310.91
0.311173,-932.682
0.311227,-1892.01
0.314299,928.476
0.320656,-507.012
0.320858,-1179.01
0.322247,-136.459
0.322813,-1093.29
0.323031,-236.395
0.324576,-211.844
0.324908,800.538
0.327866,-715.57
0.329755,-1204.41
0.330486,-282.503
0.330847,723.434
0.33289,-97.6465
0.338659,-152.833
0.340042,116.28
0.340676,254.364
0.341077,158.463
0.342541,54.0332
0.342607,243.174
0.344435,2868.21
0.345895,1509.43
0.346428,-313.758
0.348189,859.053
0.350594,-1181.03
0.351747,-1275.2
0.355885,-1936.2
0.356226,-2202.01
0.356494,-1506.17
0.356597,-593.317
0.358072,-765.446
0.358736,-48.6067
0.360529,-202.694
0.362285,620.869
0.363588,1271.85
0.364058,-1015.12
0.364212,-664.869
0.365362,1728.66
0.366978,-1251.43
0.367169,1123.71
0.369754,-594.323
0.372682,-2582.26
0.374854,-1459.85
0.375229,531.491
0.381426,-800.531
0.384259,-1100.83
0.385285,-1103.33
0.385338,-2051.08
0.386334,-721.188
0.386546,-1599.99
0.387713,-989.275
0.388011,-601.246
0.390215,367.972
0.390967,189.518
0.391504,-3177.85
0.391651,-1682.64
0.393061,291.779
0.394644,-2159.61
0.397748,-1180.39
0.399097,-1644.37
0.400675,-1593.4
0.401221,-77.8212
0.402848,815.604
0.40307,-128.35
0.403446,-1006.82
0.40424,-1904.42
0.409077,2758.73
0.409766,-844.448
0.41061,-2387.63
0.411016,-1953.17
0.413636,744.642
0.415635,-214.022
0.416729,1514.74
0.420267,-463.161
0.420325,995.431
0.42219,-1596.03
0.422959,-1472.39
0.42584,-382.331
0.42597,-72.6937
0.426072,-129.611
0.429644,-5230.83
0.432044,1226.62
0.432302,-1580.11
0.435528,-175.821
0.436155,345.9
0.436792,-2164.88
0.436988,1279.56
0.438824,-937.24
0.438903,941.383
0.4399,-1034.45
0.441176,1108.37
0.44227,-1029.3
0.446911,-710.973
0.448889,634.669
0.449231,3683.21
0.450314,-2570.19
0.455897,1349.69
0.460566,172.45
0.46094,391.867
0.461282,-858.395
0.46129,-3665.47
0.462389,-2007.22
0.463844,-3257.46
0.465152,1526.62
0.465394,-2873.64
0.467312,667.143
0.46781,2436.12
0.468621,1064.49
0.468974,1018.2
0.470898,-347.712
0.47135,-423.771
0.475094,-3157.45
0.475229,-673.841
0.476506,-658.781
0.480197,77.5373
0.481532,-1015.5
0.482129,990.702
0.48377,-533.805
0.485294,-527.216
0.485422,-420.63
0.485885,-1306.65
0.486229,629.294
0.487889,-687.28
0.492725,-607.792
0.494063,447.313
0.494979,-423.837
0.499829,656.668
0.500655,2911.8
0.505827,1311.52
0.506086,-3085.63
0.506327,-497.55
0.508109,-48.5876
0.509078,-1347.37
0.510269,-553.801
0.515181,640.083
0.516349,-384.851
0.516829,953.789
0.518641,624.598
0.520791,-424.764
0.523188,-2356.18
0.524254,2058.38
0.526431,-275.31
0.531,381.843
0.531073,-2764.98
0.531658,0.489882
0.531867,1481.19
0.532375,637.284
0.533912,733.695
0.53592,-625.904
0.536049,399.87
0.536537,939.196
0.537465,726.432
0.539584,-2445.87
0.540685,1426.45
0.541064,-266.294
0.541722,-662.431
0.543481,620.438
0.545983,-613.138
0.547516,-1512.44
0.548222,-1185.48
0.548807,-1375.25
0.549146,1001.85
0.552553,2398.03
0.552802,-998.914
0.553376,-1738.47
0.553991,-104.319
0.554539,-946.629
0.556043,-43.7021
0.556098,-3825.29
0.557705,-1014.35
0.558168,-589.465
0.559565,-837.269
0.564951,-785.291
0.566102,-532.266
0.56728,-378.724
0.570752,-638.427
0.571125,1501.84
0.574637,-1021.13
0.574846,-1264.99
0.575454,-1988.42
0.576452,-626.641
0.578034,-4326.54
0.582715,-1594.38
0.582728,821.049
0.583918,-309.817
0.584269,80.5796
0.586523,-153.331
0.587117,1144.09
0.588081,122.975
0.589248,-1201.61
0.59091,129.671
0.591489,-597.824
0.593283,718.668
0.598099,2208.18
0.598323,-140.282
0.599439,1708.83
0.599978,-1750.03
0.600335,312.222
0.602342,-670.47
0.60433,-2399.62
0.60703,-1461.74
0.609044,-927.433
0.609584,-744.41
0.610276,-1283.73
0.610308,2277.58
0.611754,-787.342
0.612895,1238.46
0.616733,-2170.09
0.617127,-624.964
0.618861,-1149.13
0.619207,-35.5499
0.620103,469.567
0.620534,-1419.3
0.62768,1635
0.629201,-677.834
0.631386,-40.1368
0.631746,1269.93
0.632492,-1265.03
0.633281,45.1973
0.642215,935.867
0.642411,-345.079
0.642685,-1023.07
0.647986,430.205
0.64877,-1460.25
0.653606,-918.856
0.655426,-2754.49
0.656036,-1582.15
0.657102,-257.519
0.657497,-5042.08
0.673359,-670.054
0.674167,-679.868
0.674208,-52.1815
0.676918,259.469
0.677622,1671.53
0.679411,-1119.57
0.680996,201.379
0.681215,-1998.2
0.686044,605.067
0.687203,-1288.07
0.688034,-2306.27
0.69244,-1160.58
0.692779,-2403.87
0.692996,-183.496
0.693865,-1303.06
0.694563,-93.7521
0.696326,-926.36
0.69662,1620.49
0.697631,1535.71
0.69959,-435.07
0.699888,811.068
0.703473,1076.55
0.705478,656.468
0.707323,1286.48
0.708994,-5116.7
0.710772,-1738.86
0.712626,-469.13
0.716859,170.326
0.718315,1161.7
0.719803,-1660.58
0.720375,1649.9
0.720431,-969.198
0.72232,-698.553
0.723711,1612.88
0.72822,-1092.28
0.728696,75.1946
0.731144,-462.856
0.731264,350.556
0.731269,-1247.09
0.731661,-2165.21
0.732299,443.55
0.734073,-1099.09
0.734653,-380.592
0.736485,-1053.48
0.736835,547.198
0.737232,360.063
0.737582,729.542
0.738078,-1076.21
0.738677,-1818.26
0.740654,1313.88
0.740697,376.92
0.744278,1965.34
0.747005,-1353.58
0.747622,-179.412
0.747667,26.7255
0.750505,-898.592
0.750635,-954.703
0.751732,-2123.97
0.752365,647.314
0.752517,351.977
0.753638,441.452
0.756239,1812.5
0.75756,-351.062
0.757621,-681.809
0.758108,-718.592
0.758364,554.603
0.760145,-219.716
0.762931,2625.66
0.763954,-882.758
0.764518,-1876.9
0.765114,-2156.72
0.766675,-1242.94
0.768721,-881.187
0.768815,839.575
0.769069,-1418.99
0.769362,-1651.49
0.77061,-727.373
0.770951,120.382
0.771105,40.4501
0.772059,-1573.58
0.779202,568.129
0.780183,1599.38
0.783499,-64.3808
0.787397,265.226
0.788723,1122.07
0.788932,-178.493
0.790288,-1056.82
0.791678,782.775
0.792845,1938.78
0.79386,-932.661
0.794502,58.7629
0.79554,531.381
0.796003,-1250.38
0.796555,-2386.26
0.800132,-2713.01
0.800724,-1881.29
0.802203,134.013
0.803098,-560.08
0.808367,-1702.09
0.80901,381.468
0.809782,1587.98
0.812638,1175.02
0.815291,-1705.6
0.815531,-28.3176
0.816316,1291.28
0.817484,-132.874
0.821733,-1060.25
0.822746,-392.01
0.823344,1993.52
0.824301,-508.273
0.826082,26.1104
0.826871,1859.22
0.831036,1369.9
0.831736,-353.468
0.831779,530.255
0.833009,-2014.09
0.835729,2311.37
0.836106,-22.3415
0.837386,-921.953
0.841477,-1426.94
0.842778,158.435
0.845175,-1374.61
0.846197,317.215
0.846463,1454.29
0.847135,-486.961
0.851418,-488.335
0.860199,-349.556
0.871413,1680.03
0.872636,2802.8
0.875829,2501.37
0.876086,-1703.06
0.88113,-774.207
0.883068,-1318.21
0.885313,0.875185
0.888819,285.118
0.889519,462.053
0.891258,-270.211
0.891311,-3553.31
0.892315,-119.332
0.894271,-777.296
0.896558,-1035.12
0.898851,-968.966
0.908655,-4529.23
0.910874,-211.564
0.910992,1410.62
0.919313,160.552
0.919715,-4299.11
0.919755,-276.933
0.924525,-1208
0.926413,1119.46
0.927527,829.001
0.929901,-2340.56
0.930089,-3822.44
0.933616,-1177.4
0.934414,-1443.24
0.936611,-1651.52
0.937247,-1124.11
0.939659,-410.476
0.940071,-3760.42
0.941317,2008.5
0.942922,2931.1
0.94393,1419.39
0.94451,497.399
0.944537,-828.035
0.944603,-2354.34
0.946664,-307.359
0.946903,1315.4
0.951633,-565.542
0.952167,-766.791
0.954356,-2653.62
0.954618,-678.289
0.955277,-549.914
0.961865,-665.255
0.964751,-1689.61
0.965433,316.254
0.969475,686.365
0.970618,1185.29
0.971408,-193.788
0.971654,-230.502
0.972751,300.388
0.976054,403.537
0.980583,-709.877
0.981621,59.6948
0.986568,-114.642
0.986656,2419.98
0.989086,-1435.76
0.99003,-37.6236
0.990333,-1739.05
0.990594,2037.45
0.996273,-1875.03
1.00049,-530.774
1.00164,-1253.54
1.00542,-2117.14
1.01097,-52.2517
1.01099,-528.182
1.012,-4025.51
1.01551,-1872.44
1.01851,966.048
1.01955,-1046.14
1.02102,-436.777
1.02184,-1352.22
1.02215,-22.1099
1.02609,2184.68
1.02654,-383.773
1.028,-1039.11
1.02816,-506.134
1.03366,668.196
1.03533,-1707.56
1.03839,-2683.13
1.03877,-2642.61
1.04451,-3198.08
1.04485,-3410.63
1.04837,29.0226
1.04913,1465.32
1.06099,556.612
1.06441,-2544.19
1.0655,-14.3994
1.06576,467.851
1.06668,-1194.11
1.06692,-285.205
1.06833,1026.43
1.0688,-2107.56
1.07042,-59.1207
1.0709,-914.686
1.07094,-356.44
1.0718,64.9813
1.07345,1851.43
1.07602,-198.924
1.07802,298.142
1.08227,-1556.35
1.08874,1260.48
1.08926,1289.17
1.09,-953.123
1.09718,2572.02
1.09915,-378.902
1.09999,-1836.78
1.1024,2706.85
1.10252,-2239.23
1.10569,-2353.86
1.10608,98.3196
1.10776,591.584
1.10838,-2119.31
1.11262,425.916
1.11264,-1900.83
1.1136,1422.77
1.11652,-328.341
1.11685,79.6966
1.1177,712.475
1.11846,428.847
1.11893,226.728
1.11905,-363.293
1.12082,1090.07
1.12153,-797.026
1.12227,185.621
1.12289,-410.621
1.12335,-446.575
1.12425,152.722
1.12693,459.595
1.13037,-1393.14
1.13192,-255.865
1.13472,-1013.92
1.14097,-3814.27
1.15112,774.193
1.15395,-574.576
1.15655,181.231
1.15986,396.555
1.16699,-47.5324
1.17157,591.963
1.1812,446.866
1.18202,-2832.53
1.18203,1755.27
1.18215,3052.74
1.18556,-494.272
1.1881,164.708
1.1912,583.623
1.19163,-353.839
1.19431,45.5816
1.19635,2315.48
1.19935,-446.959
1.2016,1944.43
1.20177,-212.315
1.20187,-741.806
1.20262,2264.37
1.20384,77.456
1.20665,613.554
1.20821,617.138
1.21111,-192.824
1.21123,-2346.95
1.21444,-415.072
1.21915,-183.793
1.21934,-1218.52
1.21962,-7.03477
1.22019,-5062.29
1.22227,-561.228
1.22662,-2440.45
1.23161,1621.37
1.23204,-963.181
1.23472,-957.756
1.24279,1959.79
1.24438,-2348.78
1.24576,1762.26
1.25298,-264.566
1.25851,-336.684
1.26391,160.152
1.26622,2798.21
1.26777,-1397.51
1.26974,-150.091
1.27446,-871.72
1.2808,-2490.71
1.28299,-975.483
1.2834,308.184
1.28395,-94.7619
1.28487,-706.932
1.28546,-922.116
1.28895,380.646
1.28925,-494.026
1.29285,-541.594
1.29468,1585.69
1.31039,-714.204
1.31051,-685.23
1.3127,2321.68
1.31277,93.8956
1.31687,1108.8
1.31716,-1083.56
1.32369,1478.86
1.32707,-3176.45
1.33005,2939.37
1.33672,-3607.36
1.33973,461.332
1.34128,261.515
1.34434,-1040.7
1.34622,1785.5
1.3466,783.117
1.35164,-1292.52
1.35605,235.01
1.36384,-392.852
1.36434,-2863.27
1.36916,-1255.42
1.3717,1989.99
1.37639,58.3511
1.37644,-1606.63
1.37709,104.807
1.37768,-178.043
1.38108,25.0569
1.38644,-988.634
1.38737,-1040.4
1.39567,1645.05
1.40239,2554.38
1.40387,689.091
1.41038,-2962.56
1.41086,-2070.84
1.41359,1107.56
1.41536,503.451
1.41634,675.928
1.42329,-2195.65
1.426,-1383.62
1.43109,-1197.95
1.43225,1669.81
1.43382,1453.58
1.43557,2307.09
1.44372,-1102.03
1.44762,-3258.38
1.45373,926.093
1.45509,531.055
1.45551,-939.009
1.45704,-641.324
1.46078,-481.161
1.46131,-581.11
1.46139,-846.695
1.46733,-2781.66
1.46954,330.934
1.47203,-1559.86
1.476,-2823.6
1.48793,-1262.33
1.48825,-1069.21
1.49217,-1150.71
1.49424,-820.549
1.49433,-3956.08
1.49602,-513.378
1.49638,-276.784
1.50439,-4003.04
1.5112,-416.181
1.51557,-322.31
1.51812,242.213
1.52373,-963.275
1.53702,1660.56
1.54856,1187.55
1.54964,798.266
1.55097,2616.35
1.55265,-3523.24
1.55431,359.633
1.55496,-1609.55
1.55875,-1735.09
1.55993,-1695.54
1.5621,-4999.43
1.57415,-634.579
1.58591,1561.14
1.5914,-1635.06
1.59584,564.66
1.59677,2056.82
1.60833,-1106.04
1.60849,770.219
1.61096,1151.07
1.62015,-2836.27
1.62292,-319.383
1.62394,582.428
1.62474,-1957.78
1.6271,-944.273
1.63901,490.217
1.64505,-23.0686
1.64669,-22.3986
1.64681,1201.19
1.65285,-366.217
1.65353,-2302.93
1.65896,245.217
1.66261,98.1543
1.66549,392.972
1.66853,-36.5981
1.67022,518.722
1.67316,-2114.62
1.6737,-1283.74
1.68499,-2496.27
1.69134,-2753.8
1.69884,-986.035
1.70061,-2280.75
1.7059,-245.74
1.70621,-1687.45
1.71447,3582.99
1.72083,-151.671
1.7232,373.132
1.72554,129.676
1.73396,740.954
1.74464,998.94
1.75538,-1135.32
1.75912,546.004
1.7618,775.077
1.76336,-1156.31
1.77106,-366.748
1.77594,1553.98
1.77683,-1429.95
1.77981,-1579.52
1.78576,-572.726
1.80463,-258.527
1.80835,-725.147
1.80978,-1097.73
1.81009,-3315.88
1.81312,274.557
1.81782,0.85909
1.81834,-189.504
1.82263,-868.046
1.82294,-8.98458
1.83174,1219.12
1.83297,-929.494
1.83676,-853.116
1.84137,-505.567
1.84326,378.816
1.85197,-254.51
1.85375,-1059.41
1.86174,460.279
1.86268,-1752.94
1.86533,74.1911
1.87268,-94.7558
1.87282,-1258.5
1.87575,143.287
1.88877,-810.254
1.89015,-1018.07
1.90666,-652.612
1.90722,-19.711
1.9081,-2691.38
1.91097,418.668
1.92307,81.826
1.92736,-718.807
1.94923,1416.98
1.96109,-945.283
1.97101,-3348.81
1.97757,-962.643
1.99653,-513.227
2.00265,-1831.05
2.01966,-1604.75
2.02115,-208.609
2.02299,1443.54
2.03342,-726.084
2.04515,-405.088
2.04564,-627.595
2.06831,-460.604
2.08498,1223.67
2.09557,-2143.64
2.09576,-265.381
2.09799,1709.51
2.10171,1.45696
2.10485,-2021.29
2.10489,-1769.16
2.11493,-62.2092
2.12697,254.546
2.15024,-892.787
2.15447,-1221.99
2.19106,483.617
2.2136,-3455.27
2.23345,751.766
2.2372,385.418
2.25103,201.223
2.29106,366.118
2.30353,-458.914
2.31258,-890.941
2.32493,-595.419
2.32579,-180.83
2.3353,-4498.6
2.35405,-630.929
2.36402,-570.53
2.37192,-1519
2.39376,816.423
2.39857,-595.873
2.40273,336.465
2.41749,-123.653
2.43092,-777.459
2.4416,-742.524
2.44978,276.199
2.46529,202.067
2.47769,-2002.69
2.4934,-1020.35
2.49854,-2312.77
2.51168,-353.228
2.51192,832.295
2.52567,-1373.03
2.55087,-651.198
2.55955,-899.437
2.5673,-804.001
2.58367,-654.589
2.61773,-1234.29
2.62776,-569.407
2.64224,-2247.47
2.64645,-1766.25
2.65625,419.462
2.66845,-209.675
2.68118,239.426
2.68416,-1802.86
2.69478,-580.26
2.70544,327.299
2.72524,-4979.2
2.73043,2563.33
2.74501,-1294.39
2.74992,-843.136
2.75293,-51.5414
2.7548,-511.565
2.7586,-1386.72
2.77125,28.5623
2.78816,61.525
2.83342,-1129.47
2.85057,-86.475
2.8568,1498.99
2.86541,-178.409
2.87369,-1464.32
2.87959,-939.919
2.88025,1897.91
2.89891,-985.095
2.92012,535.793
2.94249,-160.042
2.94373,1003.98
2.95627,-228.195
3.01442,-1299.75
3.01743,1588.94
3.01979,-586.456
3.02653,-954.576
3.08441,-1339.47
3.14373,-1301.02
3.15766,-1273.17
3.24164,489.902
3.24411,-2871.68
3.24635,164.439
3.31968,-803.09
3.37444,-75.4493
3.41687,692.612
3.48727,-715.15
3.5158,-524.264
3.60448,119.689
3.66552,1039.29
3.67149,-5217.03
3.77056,-1933.96
3.90853,1326.16
3.94706,711.436
4.18721,935.261
4.1899,-221.993
4.54757,-1309.36
4.81399,344.539
4.87083,-439.205
5.61543,60.1981
5.97931,-930.999
