Pressure
1.35104
0.463448
0.43529
0.499492
1.03532
1.23344
2.13963
0.407307
0.803443
0.606294
3.60799
0.269403
1.89339
0.512378
1.5369
0.0909327
0.823539
1.18124
0.195992
2.23414
1.55088
0.174075
1.62418
1.00526
0.85243
0.739665
0.263425
1.07207
0.976454
1.36183
0.378247
1.39098
0.0211427
0.819274
1.23711
0.973156
0.830217
0.769684
1.80986
0.395736
0.610963
0.805591
0.330297
0.425153
2.19747
0.27889
1.38143
0.562378
0.63575
0.756886
1.29839
0.20287
0.600868
0.217446
0.0618277
0.397781
0.202893
0.390446
1.11528
2.58406
1.02135
0.358291
2.15207
0.492845
0.713476
2.46964
1.32741
2.22032
0.845476
0.984291
1.31305
0.246532
0.394853
1.07791
0.283417
2.14233
0.120447
0.513944
0.274167
0.691398
2.41463
1.0689
1.57978
1.09827
0.559539
1.65607
2.34867
1.47112
0.902935
0.74235
0.482273
1.48338
0.756682
0.324999
1.55386
0.76809
1.31304
1.8998
0.597586
0.304544
0.518772
1.10971
0.260925
1.85459
0.940065
0.878676
1.93286
0.665342
0.769719
1.44879
1.40939
0.831522
1.31328
0.457997
1.00914
0.577699
0.295699
0.374666
0.852651
1.37149
0.948542
0.222351
0.519728
0.456575
0.318372
0.79451
2.15869
0.518674
1.56174
1.09947
0.403173
2.16771
0.44609
0.352989
0.216709
0.580912
0.702812
0.705362
0.112615
0.349689
0.744275
0.883099
1.00248
1.64817
0.847738
2.21152
3.86765
0.35142
1.54514
0.757922
1.82503
1.48357
0.658536
0.819685
1.38845
1.31807
0.582024
1.13389
0.638109
0.44205
0.122832
0.700942
0.726807
2.48887
1.38911
0.989878
0.405087
2.52875
0.553273
0.946698
1.31319
0.971643
1.31009
0.983026
1.31657
0.321116
2.83541
2.37368
0.151998
0.4781
1.45187
0.61459
0.541384
1.52276
3.63112
0.892104
1.43129
2.63279
0.650726
2.38325
2.44608
0.118826
3.39852
0.500793
1.53125
0.802286
0.554344
5.89125
0.499471
1.59162
1.62055
1.59069
1.03279
1.12762
1.12452
0.574615
0.246882
1.73873
1.9432
0.464673
0.15742
0.325705
1.99835
0.528199
2.16844
0.120102
0.329384
0.948674
2.0789
0.0436041
2.08689
1.11661
1.57409
0.701656
