Pressure
0.548697
0.396699
0.34059
0.443414
1.2923
0.735808
1.06459
0.67815
1.85769
0.384632
0.159527
1.08953
0.853352
0.214643
2.63471
0.511917
3.12604
1.36247
0.451973
0.213428
0.68122
0.76673
1.35263
0.652279
2.67923
0.131222
0.332531
0.530553
0.261844
0.701722
0.54198
0.344498
2.33994
0.549072
0.0429274
0.156691
0.427046
0.172609
0.815769
0.348327
1.77152
0.964879
2.44624
0.58165
1.80411
0.751147
0.425839
0.0135518
1.02712
0.865379
0.902007
0.756218
0.595232
1.08365
0.23863
0.0269993
0.0409418
3.54692
0.512685
2.15861
1.84802
0.46248
4.00518
1.34683
