Pressure
0.278758
0.480016
1.00617
0.911668
1.19591
0.984745
2.76863
1.70618
0.467128
0.234504
0.332836
1.11743
0.385288
0.321328
3.07896
1.28546
2.47145
1.71447
0.539687
0.193029
1.54435
0.429595
0.739346
0.641367
0.391923
0.787397
0.59156
0.335801
2.10489
0.635163
0.267558
1.68608
1.05878
1.64277
1.02881
0.167966
0.189512
1.51363
1.12897
0.69662
0.18978
2.07638
1.81212
0.272019
0.455897
1.35074
4.45925
0.909371
4.44462
0.467327
0.431884
2.83343
5.26451
1.61527
0.289594
0.108015
0.103755
1.86533
0.42099
0.59986
0.631782
2.07748
0.102489
0.592516
0.926413
0.149624
0
2.25249
0.465394
1.23981
0.697631
1.52018
1.20467
1.33005
0.364058
0.442424
2.48032
0.248476
0.238041
0.625268
0.297261
0.26086
3.26423
1.27539
0.253961
1.11024
0.896586
0.436988
2.10191
0.923715
0.0849747
1.07042
0
0.91504
1.56824
1.26758
0.104834
0.260166
0.722584
3.20912
0.631746
0.22458
0.941317
0.728081
0.455966
1.87252
1.05347
1.26675
0.194172
0.582714
0.355478
0.358091
0.141151
0.883077
2.04742
1.04688
1.81124
0.546083
1.2934
0.752772
1.04837
1.07463
0.697133
0.421604
0.612093
1.10883
1.45294
0.68346
2.41828
1.77823
0.254437
0.835729
1.20726
0.428753
0.406628
0.556678
1.43382
1.27877
1.20179
1.08004
0.994911
2.4101
0.207262
0.582019
1.23567
0.997742
1.65275
0.270717
1.30035
1.31039
0.206313
1.70109
1.8376
0.808609
0.942922
0.803289
2.93904
0.211925
0.308034
0.488061
0.831036
0.160445
0.448959
1.18203
0.302943
0.846197
0.69826
0.189858
0.0944622
0.426589
0.83206
0.617533
0.361263
2.20711
0.58302
0.157134
1.02583
1.12103
0.462373
1.14268
0.480368
1.1812
0.94231
1.12302
0.574276
1.06318
1.75706
0.321194
1.00398
2.75498
0.703762
0.226363
0.824934
0.496208
0.784479
0.650425
2.70644
0.825414
1.40867
0.272203
2.41486
0.156723
3.38074
0.54246
0.302855
0.35677
1.28856
0.489662
0
1.249
0.454966
0.362996
1.11746
0.591359
1.43815
2.26166
0.782516
0.331245
1.29002
0.259875
1.67983
1.11264
1.09915
0.927932
0.550318
0.0965389
0
2.09429
5.65209
0.40922
0.910259
0.64877
0.211594
0.666013
0.352041
1.60842
0.199169
0.750791
2.10515
0.468888
1.99321
0.362776
0.185424
0.724108
1.09953
1.77166
1.3679
0.296879
1.11203
0.822746
2.14284
0.242139
1.93446
1.29408
2.82937
2.17348
1.55478
1.01523
0.283177
1.13193
1.6703
4.41371
1.43171
2.99452
0.940971
0.665023
0.717443
0.705478
1.22521
0.462284
0.60777
0.603894
1.07478
2.8568
0.675708
0.668255
0.442814
0.927542
0.740416
0.33066
1.40781
0.672981
0.559333
1.64635
1.3639
0.446362
1.72418
0.292184
0.803098
