Pressure
1.14704
1.13389
0.00853457
1.19928
0
1.75108
0.816023
0.541128
0.370561
0.965666
0.271895
0.506112
0.514997
0.57118
0.152947
1.07795
0.485806
1.03082
0.31104
1.63726
0.390033
0.528807
0.527888
0.411884
1.48636
1.48115
1.57482
2.44863
0.641899
0.748726
2.27326
0.602577
0.938724
0.50866
0.981264
2.19793
0.940862
2.1249
1.41567
0.981049
0.86928
0.692854
0.00832827
0.553184
2.34869
1.73242
0.548808
1.69327
0.420994
1.43108
0.782109
1.17746
0.672549
0.846082
0.391339
1.27214
0.39638
1.19382
0.542907
0.353693
0.820465
2.98089
1.47133
0.483997
2.63582
2.14346
0.448799
1.19701
0.164379
0.359383
0.979682
5.00619
0.465766
0.916673
0.41673
1.25524
1.03994
2.24385
2.67854
0.232027
1.27007
0.576998
1.66323
2.47053
0.3888
1.17193
0.683071
1.05579
1.53939
0.613554
0.819009
1.29187
0.533353
1.79154
0.819549
0.262034
1.01252
0.836867
1.6093
0.474022
2.16777
0.8168
0.401277
0.969161
0.373265
0.730525
1.23987
0.444143
2.46725
2.93831
0.0317683
0.255535
2.50875
0.200713
1.84373
2.25322
1.36371
0.916047
1.04193
0.925096
0.761876
0.745984
0.443666
1.66634
0.882438
0.507832
4.42707
1.77045
0.524444
0.908228
0.357317
0.956158
0.692907
1.19868
0.469595
0.54595
1.26618
0.093283
0.850351
1.43509
0.311041
0.704097
0.673954
0.258464
1.57762
0.338964
1.57666
1.03528
0.157656
0.435028
0.211643
0.417591
0.389373
0.192824
0.45226
0.568534
0.300215
0.9798
1.75488
1.13395
0.120227
3.07049
3.58769
0.322711
0.371132
0.871813
0.395577
0.426897
1.06396
0.767559
1.21186
0.483596
1.36076
0.208034
0.516807
0.65234
0.629156
1.09373
2.05818
0.710228
0.0444434
0.304557
0.401321
0.00909492
2.33564
0.415728
0.376575
2.82133
0.263494
0.47645
1.02671
1.0221
0.5468
1.03647
0.361507
0.640254
1.66199
0.791221
0.270324
0.624374
0.124903
0.916
2.42383
0.615161
0.47125
0.251425
0.0717708
0.590204
0.524202
2.45939
0.135258
1.59434
0.340062
3.46064
1.99658
1.72585
0.708515
0.283961
1.96151
