Pressure
1.12289
0.690756
0.185875
3.24635
1.00189
0.663257
0.259366
2.3486
0.556588
0.333116
2.88025
0.444264
0.283248
0.633166
1.78487
0.848339
0.519579
2.36113
0.521616
0.368741
0.663116
1.07201
0.442652
0.43717
0.434905
0.629362
0.131301
1.05723
0.470862
1.84088
0.200605
0.286611
0.797942
1.21839
0.837433
0.918772
0.829892
2.98876
1.72175
0.234719
1.26299
0.88424
0.128214
1.29781
1.31608
0.699378
1.23507
0.901537
0.681701
1.01462
0.420457
0.247145
1.23104
1.40504
1.51612
1.16301
0.439387
0.366572
0.49112
1.51522
0.559606
0.834469
1.186
1.38329
0.753638
0.0429431
0.605264
0.726716
1.1798
1.26193
1.8763
1.41471
0.323403
0.968724
1.04871
3.57773
