Pressure, Change in distance between ball and goal
0,967.246
0.00685516,-272.74
0.00733751,40.4026
0.0280893,1267.93
0.0374732,-734.997
0.0386828,-391.667
0.0560214,305.435
0.05756,313.945
0.0578738,1045.21
0.0639001,283.03
0.0644489,-77.8772
0.0669364,2032.4
0.0708055,-991.238
0.0713998,1207.15
0.0730327,-948.781
0.0775673,209.724
0.0784536,1602.06
0.0787936,-1412.62
0.0837009,-663.343
0.0873749,1141.82
0.0888938,-430.716
0.0895205,779.816
0.0934574,534.059
0.0936018,625.957
0.0945131,-518.268
0.0972255,-2767.69
0.100054,331.249
0.10075,803.936
0.100896,-514.185
0.101162,-275.158
0.103046,448.454
0.106715,341.903
0.106738,-688.286
0.107572,-709.49
0.108261,664.851
0.114087,2554.55
0.115979,-584.847
0.118161,-233.013
0.118832,-477.517
0.121085,2115.05
0.127498,687.603
0.127526,1225.11
0.128603,-1164.24
0.129831,-444.193
0.132653,1090.39
0.135504,1962.04
0.135955,955.938
0.139505,393.75
0.139634,1196.14
0.145683,889.564
0.155491,580.68
0.157483,-1003.32
0.158387,-738.654
0.163379,-773.872
0.164754,1657.48
0.165549,-514.31
0.165702,-730.089
0.166188,238.639
0.167441,1119.86
0.167856,2176.96
0.169426,314.524
0.171392,-166.275
0.171858,-294.781
0.174632,982.394
0.178226,-1511.17
0.179087,1249.69
0.184924,396.444
0.185331,-249.832
0.188041,-1712.57
0.188565,1289.61
0.190076,1765.21
0.19054,-1043.04
0.192504,-120.148
0.194365,1753.35
0.196477,-1127.6
0.196534,1254.5
0.198349,180.041
0.198895,501.768
0.202568,-478.161
0.203752,-676.908
0.204191,2922.82
0.204515,-716.181
0.207631,271.848
0.207811,-1597.9
0.207905,1817
0.209644,-1281.32
0.211113,2836.49
0.211428,-303.634
0.213967,99.4784
0.215687,228.856
0.216583,573.046
0.218517,141.099
0.222415,-17.6231
0.224782,931.41
0.226303,606.309
0.231973,479.575
0.232492,-1438.89
0.232898,2462.17
0.233517,-158.401
0.233745,-742.783
0.233862,-608.864
0.237128,517.534
0.237204,-695.32
0.237747,645.627
0.238596,-53.6403
0.241591,10.1249
0.243077,738.851
0.246335,506.658
0.247675,639.628
0.24848,-959.584
0.248554,1994.98
0.249095,1417.72
0.249927,574.618
0.250053,33.6044
0.252618,-822.238
0.253589,157.844
0.253932,283.786
0.255344,415.013
0.25539,1038.93
0.257775,260.606
0.261341,-309.902
0.261508,2193.21
0.263733,849.483
0.263926,-400.603
0.264439,-560.431
0.266103,718.956
0.266669,-343.922
0.266806,729.472
0.270644,-557.463
0.273016,-432.446
0.274266,3897.18
0.274595,-148.457
0.275212,416.541
0.277253,518.958
0.279415,-3265.46
0.281434,1320.42
0.281904,-114.974
0.282892,2442.76
0.283902,527.533
0.284018,233.075
0.28594,813.913
0.287418,389.61
0.28748,508.471
0.287768,1081.1
0.291594,783.963
0.293678,522.954
0.293897,-237.151
0.297109,-1665.87
0.298644,134.166
0.299171,2115.47
0.304225,144.327
0.304232,126.803
0.304508,-1303.81
0.30607,294.949
0.308825,61.7291
0.308952,1078.77
0.310902,1443.33
0.311677,652.765
0.312218,-612.516
0.313044,-1602.23
0.313463,-733.735
0.313582,1450.11
0.314655,399.7
0.314796,-448.475
0.317404,-1093.16
0.317985,3119
0.318553,2053.71
0.318659,-922.33
0.319039,508.806
0.320967,98.2369
0.321376,498.249
0.321796,1.45818
0.32439,-552.992
0.324474,140.18
0.324964,-637.635
0.325134,509.234
0.325781,218.287
0.32654,1036.43
0.327974,462.364
0.328303,-515.526
0.330138,-1109.84
0.331539,-203.171
0.332924,-1143.88
0.335597,-722.064
0.336339,406.126
0.338519,-123.316
0.339717,-1325.68
0.339966,709.464
0.341338,1627.98
0.342693,-625.754
0.342979,364.222
0.34383,737.608
0.344581,-1061.35
0.3455,-503.971
0.347014,1219.74
0.347531,-1254.51
0.348607,1415.44
0.35092,-490.741
0.35307,-1405.98
0.353641,-5.77045
0.353749,-927.079
0.354347,-204.865
0.359855,1970.32
0.36411,732.373
0.364686,1268.27
0.365368,-1110.88
0.370612,-1167.29
0.372716,-534.963
0.373157,-636.564
0.374473,594.392
0.375011,-120.816
0.376346,536.22
0.37716,907.704
0.383014,438.27
0.383216,-509.985
0.384462,-951.821
0.386675,1250.36
0.387151,-875.507
0.388083,-406.362
0.389491,-597.542
0.390287,-1590.74
0.397054,-1123.72
0.401048,2947.05
0.402429,1108.54
0.404501,92.2632
0.404607,84.98
0.40485,-504.902
0.405708,396.311
0.406364,-47.0188
0.406771,-636.014
0.408518,2757.1
0.410106,-680.808
0.411431,738.754
0.411696,264.918
0.413285,309.011
0.414081,-155.09
0.41458,768.419
0.414852,1299.46
0.41532,876.088
0.416994,-755.199
0.41777,905.416
0.418881,2117.51
0.419768,-677.971
0.420709,113.193
0.423133,155.243
0.424135,410.205
0.424496,-441.367
0.430388,924.188
0.430596,1975.85
0.431755,812.377
0.432422,790.535
0.432479,-852.331
0.436411,-117.927
0.438324,-229.942
0.438848,3028.85
0.441153,1746.15
0.444555,397.522
0.445036,1278.33
0.44546,198.711
0.446409,-189.964
0.450383,136.506
0.450456,-1607.97
0.450593,651.934
0.455094,1926.44
0.4559,725.635
0.456506,-362.061
0.457723,554.625
0.45996,2320.21
0.460199,1933.1
0.460585,-578.433
0.461752,1049.11
0.465365,974.033
0.466843,-872.681
0.467422,546.418
0.467971,852.064
0.470198,243.945
0.474476,-3261.27
0.47614,3147.01
0.476714,1086.92
0.482113,160.126
0.486303,729.914
0.487938,19.6248
0.48977,1871.78
0.491074,1948.56
0.491232,1051.18
0.491533,384.901
0.492307,413.695
0.493754,-578.756
0.493861,987.516
0.496748,-1476.21
0.497105,-65.6682
0.499151,-770.291
0.499843,2151.91
0.501525,-889.651
0.501669,-36.4033
0.503222,-631.803
0.503231,-789.871
0.505124,792.952
0.505572,1012.23
0.507355,-138.033
0.50925,435.28
0.510176,624.896
0.510953,-874.781
0.511675,1741.19
0.512609,-262.696
0.514238,600.866
0.516149,-308.485
0.51816,-1815.11
0.518359,293.065
0.519137,1569.67
0.529501,1151.31
0.53063,2069.21
0.53105,815.341
0.531158,248.273
0.531327,919.846
0.531901,-29.718
0.532442,-111.578
0.535351,-606.472
0.535502,656.27
0.535769,781.807
0.537007,655.025
0.539441,1223.71
0.539579,-160.478
0.540255,-519.525
0.541035,431.196
0.544589,-540.567
0.545138,71.0621
0.547445,-1060.68
0.548174,352.594
0.554088,-1153.85
0.559113,-114.214
0.561262,202.774
0.561458,1513.82
0.561638,-70.2205
0.562813,981.726
0.563656,-491.923
0.565141,891.797
0.565241,1030.16
0.567762,-701.841
0.567781,503.61
0.570491,82.8504
0.574486,1944.84
0.574775,-306.032
0.576531,1290.78
0.579035,-166.231
0.580533,1182.84
0.580901,1528.88
0.581509,721.994
0.582561,2101.82
0.585386,386.752
0.585467,1599.91
0.585581,-737.06
0.586428,228.063
0.587084,817.164
0.588026,604.2
0.590037,2610.8
0.590793,139.05
0.596099,1307.56
0.596174,695.937
0.596188,-604.704
0.59678,1138.3
0.59824,-751.272
0.598246,-941.822
0.598983,450.637
0.599882,519.451
0.600421,-1170.03
0.60071,-359.021
0.601803,-610.623
0.603313,105.401
0.604536,1153.69
0.604794,208.735
0.605762,1071.76
0.6075,1468.4
0.607944,783.233
0.609486,-57.1997
0.609767,687.494
0.611304,-146.343
0.616176,2423.8
0.616346,-423.447
0.617346,24.876
0.619405,-2356.58
0.622826,538.596
0.623336,550.612
0.625017,1638.9
0.626802,-510.47
0.626879,390.207
0.627351,1050.24
0.627837,267.736
0.627994,72.2642
0.628754,1251.77
0.631288,-188.47
0.631299,-147.787
0.632191,-581.461
0.63302,1743.3
0.633563,1582.93
0.639282,51.3071
0.639749,-1024.87
0.641927,832.516
0.644664,65.8082
0.644679,-1405.83
0.647369,-378.697
0.648529,53.3477
0.649559,-153.101
0.649595,96.4997
0.651759,-1066.83
0.653351,-36.6389
0.656138,513.093
0.657634,-314.266
0.659926,1369.59
0.661542,139.258
0.663134,401.929
0.664437,1732.79
0.66474,333.643
0.666041,744.133
0.668863,-432.208
0.671955,478.657
0.672319,-1703.18
0.674028,1099.1
0.674462,-45.4728
0.674846,365.951
0.675614,-285.633
0.676841,-115.262
0.678012,279.157
0.678623,-834.903
0.679601,2296.72
0.679698,1378.1
0.68585,-768.391
0.685938,1914.19
0.685958,720.755
0.686135,1157.35
0.687427,1916.6
0.689921,-2631.65
0.690299,689.619
0.690839,-169.001
0.691865,1480.18
0.694242,-317.852
0.694655,125.838
0.698443,282.884
0.700689,306.884
0.700886,-241.788
0.702221,545.806
0.703165,-1261.47
0.704334,1445.2
0.704394,457.253
0.705123,-4.81755
0.706171,2401.63
0.706787,-1460.6
0.708676,1075.88
0.710654,455.174
0.712673,1401.56
0.713594,889.708
0.71404,746.519
0.714492,128.281
0.715427,-141.155
0.719358,-1153.97
0.721085,442.457
0.72283,43.8127
0.723117,-305.9
0.723411,675.501
0.724094,295.56
0.726436,546.492
0.72769,62.6546
0.729032,174.474
0.73381,46.2833
0.734125,-1348.4
0.734661,1643.69
0.740659,418.516
0.743467,2793.63
0.743523,-968.18
0.744347,-398.085
0.745177,53.1395
0.748842,-544.234
0.75848,2041.54
0.759938,422.083
0.759952,2281.79
0.760322,292.539
0.763255,871.079
0.763673,449.48
0.765725,-1688.55
0.765785,-567.443
0.766198,-1868.98
0.766371,-1761.09
0.768216,-655.614
0.77117,126.067
0.771629,672.873
0.772187,-551.134
0.773041,-659.77
0.775013,1796.54
0.775287,-188.484
0.775831,97.3116
0.776435,1423.95
0.777056,-596.912
0.777797,-214.973
0.779147,1100.76
0.780558,-1.73384
0.781907,266.447
0.781921,490.882
0.784709,349.597
0.785887,824.687
0.7879,-28.1433
0.789806,463.666
0.78988,790.202
0.795829,-583.838
0.796777,1489.11
0.799077,1369.64
0.799234,560.97
0.802941,940.763
0.81105,-1402.26
0.81656,1753.83
0.816735,-915.641
0.81774,59.5253
0.820184,-1005.59
0.820225,140.393
0.822476,1461.19
0.824517,506.228
0.825433,1074.2
0.825564,462.797
0.825983,-313.98
0.831195,22.3778
0.831731,-13.0219
0.831868,1663.71
0.832871,776.116
0.834506,-273.389
0.839652,1022.61
0.839689,607.497
0.843561,168.469
0.843667,728.397
0.844289,492.199
0.844613,-97.5909
0.846128,-69.2401
0.852312,-311.595
0.853387,-591.157
0.856117,162.188
0.857447,-943.94
0.859468,-243.162
0.863501,-1235.25
0.866455,-75.1147
0.87141,13.7787
0.872549,455.554
0.875187,230.477
0.877051,465.832
0.879441,794.332
0.883634,-138.977
0.887854,-2035.75
0.888815,301.077
0.893184,-1460.64
0.893524,428.215
0.896841,692.921
0.897091,-769.689
0.897334,-2518.42
0.898377,513.432
0.899771,231.625
0.900076,47.2407
0.902823,2142.69
0.906634,-475.403
0.907641,-77.408
0.908568,14.0982
0.910724,1073.18
0.911059,2446.59
0.911637,-55.4606
0.912238,-152.816
0.912672,-9.11867
0.912739,57.5863
0.912926,684.659
0.913307,190.538
0.914088,1971.97
0.914567,316.891
0.915579,-526.22
0.916734,-1863.83
0.91681,-1262.89
0.917687,-343.386
0.922399,343.761
0.922597,370.37
0.922655,939.789
0.924286,1234.33
0.925341,-743.983
0.926529,1879.32
0.9326,-202.201
0.932694,-234.67
0.933357,1281.63
0.934457,1335.59
0.937443,-206.011
0.93846,-396.756
0.941602,-616.319
0.943579,26.8162
0.944753,1466.28
0.947516,-2204.7
0.948991,-932.959
0.952088,1131.22
0.952411,307.518
0.955638,-1073.03
0.95639,-589.361
0.959987,-832.649
0.961712,-681.701
0.962367,-322.406
0.965064,3020.97
0.965661,-370.393
0.970106,91.4738
0.970785,-45.0682
0.973742,404.001
0.975222,1793.79
0.980213,985.151
0.980484,310.297
0.980882,1717.34
0.994686,28.7478
0.996366,1296.41
0.996757,-530.075
0.997991,418.9
1.00475,1177.3
1.01321,-1155.32
1.01885,-267.405
1.02517,-1458.82
1.02616,473.358
1.02766,-993.481
1.02778,1244.91
1.03051,646.324
1.03213,1935.86
1.03318,-778.156
1.03773,-180.19
1.03814,-19.4993
1.03822,448.971
1.05112,-1.98862
1.05288,-121.042
1.05686,-258.11
1.05881,196.21
1.05997,461.401
1.06168,1105.79
1.06189,1413.71
1.06268,1530.89
1.0656,598.252
1.06955,120.209
1.06992,188.411
1.07134,-298.731
1.077,442.631
1.07742,-216.139
1.08087,-539.039
1.08463,-5.66517
1.08874,-99.9695
1.09444,377.602
1.09854,-848.976
1.09954,1659.72
1.10101,2288.37
1.1057,128.957
1.11048,-398.234
1.11379,1627.52
1.11417,576.221
1.11639,-751.667
1.11685,-280.718
1.11886,2210.04
1.12209,101.573
1.12245,-377.661
1.12321,-114.953
1.1236,1603.57
1.12928,1099.31
1.12993,807.687
1.12999,902.685
1.13128,894.458
1.13211,460.931
1.13483,21.3283
1.13683,-991.828
1.14219,791.052
1.15246,-689.661
1.1541,1632.58
1.16557,-39.2063
1.16629,-425.252
1.1779,-351.258
1.17944,-251.672
1.18134,175.175
1.18137,612.525
1.18393,1160.8
1.18473,272.705
1.19077,2111.69
1.19346,66.3467
1.19384,2373.2
1.19404,893.056
1.19528,-38.5852
1.19872,148.685
1.2011,-185.167
1.20274,148.062
1.20459,-89.2949
1.21433,13.427
1.21733,-191.923
1.22051,441.677
1.221,396.86
1.23091,954.537
1.23285,242.838
1.23353,1490.67
1.23669,2513.32
1.23987,-69.1004
1.24541,-853.828
1.25619,1131.6
1.25867,1894.15
1.26293,68.9278
1.27107,-420.285
1.27183,105.274
1.27295,158.466
1.27433,-1288.32
1.29125,-1405.62
1.29774,358.494
1.30592,62.7194
1.31356,1392.65
1.33024,-41.4418
1.33166,-624.769
1.33408,327.812
1.34341,-627.867
1.35126,149.594
1.35134,-393.432
1.35573,-1977.68
1.36746,-317.28
1.36754,-510.94
1.36863,97.253
1.37772,318.239
1.3788,2469.62
1.38884,677.39
1.39379,525.982
1.39549,1091.73
1.39601,-875.723
1.3978,-1577.92
1.40302,1486.32
1.40546,-1147.59
1.40562,910.291
1.40759,2477.16
1.40965,-713.214
1.41968,-39.8692
1.42568,102.452
1.43411,628.477
1.43969,859.531
1.45414,-601.113
1.46144,-202.066
1.4648,-1968.99
1.47134,-88.9004
1.47769,1061.07
1.47905,-311.675
1.48319,1.34102
1.48803,358.537
1.5049,-686.057
1.50725,1172.5
1.52368,139.642
1.5285,1740.51
1.52901,1067.45
1.53181,640.115
1.53475,-228.664
1.54359,868.683
1.5456,1768.22
1.55189,241.017
1.55569,-630.897
1.55791,2889.71
1.56448,368.937
1.5697,-607.474
1.57304,1.80235
1.58742,104.869
1.58892,-2100.86
1.59916,2692.88
1.61108,2934.35
1.61972,1444.94
1.62302,2565.13
1.63061,1305.21
1.6427,623.72
1.64485,-778.137
1.65633,1291.11
1.66012,787.06
1.66444,-1829.89
1.6658,910.613
1.6856,810.993
1.69333,591.203
1.69559,2061.25
1.70606,1705.53
1.71271,2507.04
1.71563,208.733
1.72056,834.769
1.72212,902.889
1.72848,737.401
1.7585,1196.97
1.76391,-209.387
1.7655,794.392
1.78741,2214.13
1.78869,509.929
1.78999,320.374
1.82263,-776.538
1.83299,-200.894
1.84387,1242.82
1.84777,-81.4979
1.84906,-213.536
1.86263,1970.61
1.86473,607.132
1.86482,630.698
1.88349,1309.45
1.89856,-706.038
1.9201,629.356
1.92402,-202.491
1.92561,-523.794
1.9385,-352.749
1.95103,2240.25
1.98362,-529.052
2.00021,2113.92
2.01285,429.978
2.01392,1491.55
2.01436,-452.515
2.03144,1339.81
2.04481,-912.177
2.0566,1759.14
2.05903,1101.32
2.05921,1070.62
2.08161,-1051.54
2.08256,433.48
2.0876,543.86
2.10704,8.15298
2.11243,249.927
2.12957,84.6517
2.14793,1083.66
2.18571,585.455
2.24228,-146.928
2.2537,377.442
2.27374,218.358
2.29141,-498.748
2.30662,-349.897
2.32471,181.986
2.36394,-709.361
2.39465,843.223
2.39686,1150.77
2.41131,577.126
2.41715,-141.347
2.41784,2877.23
2.42005,737.623
2.48304,-589.744
2.51047,604.596
2.5145,767.938
2.53692,-790.165
2.55295,-764.296
2.57603,21.2763
2.61286,-74.7686
2.62483,2050.29
2.71155,461.226
2.7904,-675.101
2.85991,470.784
2.88637,224.769
2.96816,-998.302
3.00014,-147.408
3.08414,1421.03
3.10796,409.813
3.13801,383.837
3.21629,-410.736
3.29112,410.532
3.35121,-415.093
3.5382,-144.583
3.79097,482.218
4.2463,2687.38
4.46359,450.084
5.08449,1056.88
6.22361,359.484
8.01671,133.927
