Pressure
0.0126934
1.81363
0.155483
0.160576
0.277213
0.217294
1.35071
0.485644
0.390033
0.089418
0.345704
1.10774
1.48518
0.223127
0.641899
0.231447
0.938724
0.50866
0.891611
2.19793
1.03442
1.21651
0.438459
1.16234
1.19713
0.831999
1.00651
0.484009
1.2822
1.29766
0.700738
2.61997
2.14346
0.448799
0.287155
0.359383
5.00619
0.599089
0.41673
1.03994
2.67854
0.232027
1.36991
0.364662
1.66323
1.5458
0.289956
1.01252
1.4224
2.56474
1.37354
0.750507
2.46725
0.0239919
2.51648
1.36371
0.761876
2.2365
4.42707
1.2071
1.77045
1.00314
0.357317
0.813778
1.19868
1.88669
0.093283
0.850351
0.612886
0.140867
1.30461
0.34354
0.781506
0.211643
0.417591
0.553809
0.568534
0.301755
1.0031
0.120227
2.65323
1.58479
1.54139
1.03934
0.208034
0.521562
2.05818
0.401321
0.00909492
2.82133
0.524305
0.256833
0.678877
0.629546
0.270324
0.377636
0.029257
0.419173
3.0826
0.282499
2.31139
2.59824
0.653808
0.503855
