Pressure
0.333205
1.44115
1.13886
1.00381
0.467128
0.385288
2.48617
0.539687
4.58437
1.56769
0.677271
0.402773
0.273838
1.17308
2.28208
1.66893
0.0885634
1.02881
0.539354
1.12897
0.18978
1.22089
1.47637
4.29637
0.979984
0.467327
0.625508
2.54869
1.58164
5.26451
1.47346
0.120687
1.75334
0.59986
0.64151
1.97278
0.75501
2.25249
3.34698
0.583953
0.385076
2.48032
0.238041
1.32405
0.297261
0.367031
0.896586
2.10191
0.0849747
1.77167
0.223253
0.0720588
0.108505
0.143377
0.693769
0.712802
0.401515
1.87252
0.831988
0.0891661
0.261113
0.0658778
1.04688
1.41455
0.612093
0.687616
2.41828
1.77823
1.20726
0.428753
0.442882
0.935123
0.994911
2.4101
0.286241
0.997742
0.270717
0.715252
0.296984
2.31243
1.8376
0.803289
0.674828
0.373375
0.360245
0.650547
0.513877
0.7642
0.617533
0.58302
0.462373
1.14268
2.68224
1.12428
1.12302
0.640075
1.1845
2.75498
0.703762
0.226363
0.6756
0.784479
1.77178
0.614871
0.450602
2.41486
1.50799
0.93551
0.788238
0.0332703
0.676571
2.95349
0.782516
0.331245
1.29002
1.67983
0.999835
0.0965389
2.09429
5.65209
0.914191
1.47485
0.817403
0.352041
0.927565
0.750791
2.30071
3.04967
0.803319
0.185424
0.724108
2.66615
1.28699
0.296879
0.309066
2.82937
2.26853
1.01523
1.32424
4.41371
2.99452
0.665023
0.717443
1.22521
0.361063
1.07478
0.675708
0.740614
0.53157
0.740416
1.38881
0.820096
1.3639
1.72418
