Pressure, Change in distance between ball and goal
0,967.246
0.0127121,3086.97
0.0335198,268.823
0.0374732,-734.997
0.0386556,-720.88
0.0386828,-391.667
0.0539759,7.29605
0.0560214,305.435
0.0639001,283.03
0.0644489,-77.8772
0.0683415,188.541
0.0713998,1207.15
0.0770308,-895.901
0.0803608,1067.75
0.0871561,-1570.12
0.0914473,13.6775
0.0917048,158.955
0.0992712,215.837
0.100054,331.249
0.10075,803.936
0.101162,-275.158
0.104045,-161.784
0.106738,-688.286
0.107572,-709.49
0.108261,664.851
0.112354,611.501
0.112462,1488.26
0.113372,-466.034
0.114087,2554.55
0.11718,127.815
0.119555,152.925
0.122346,477.826
0.123066,1193.18
0.127498,687.603
0.128603,-1164.24
0.1334,199.135
0.135504,1962.04
0.136946,773.834
0.138862,635.596
0.140664,-324.384
0.141539,763.83
0.147744,-42.1488
0.152744,911.089
0.15422,-422.806
0.155521,-682.824
0.155965,829.566
0.156691,1726.84
0.158387,-738.654
0.163237,2499.76
0.163379,-773.872
0.164647,1533.35
0.164754,1657.48
0.165549,-514.31
0.167441,1119.86
0.167856,2176.96
0.169077,270.801
0.184903,-221.811
0.186815,-666.882
0.188041,-1712.57
0.189088,495.055
0.19054,-1043.04
0.198519,-148.864
0.198895,501.768
0.202568,-478.161
0.204191,2922.82
0.205821,-330.02
0.207905,1817
0.2098,433.446
0.211113,2836.49
0.211236,178.599
0.212706,-180.541
0.213995,1863.64
0.215687,228.856
0.218262,51.9268
0.226238,3709.95
0.228048,940.982
0.232492,-1438.89
0.235444,1582.2
0.238596,-53.6403
0.243891,772.989
0.244738,2319.08
0.246335,506.658
0.247708,-96.6672
0.24848,-959.584
0.249095,1417.72
0.255344,415.013
0.258969,-497.548
0.259259,-179.144
0.261078,1582.89
0.261508,2193.21
0.26304,860.519
0.263733,849.483
0.264576,1893.22
0.273016,-432.446
0.274266,3897.18
0.277135,-436.689
0.279569,-495.339
0.280583,-3009.83
0.28176,1242.13
0.282007,-286.807
0.290386,-6.31009
0.290914,1049.46
0.291273,-1079.53
0.293678,522.954
0.294455,-329.828
0.297109,-1665.87
0.299171,2115.47
0.307316,891.464
0.314562,-278.415
0.314787,381.307
0.316663,900.326
0.322085,331.084
0.324999,-1163.14
0.325781,218.287
0.32654,1036.43
0.326889,3207.08
0.328784,644.021
0.332924,-1143.88
0.334066,2923.41
0.338519,-123.316
0.338751,1441.31
0.341338,1627.98
0.342666,332.463
0.342979,364.222
0.343113,-979.541
0.347531,-1254.51
0.348607,1415.44
0.352795,726.154
0.353641,-5.77045
0.35879,1559.89
0.363806,297.422
0.36411,732.373
0.364457,-919.465
0.368091,860.418
0.368572,2707.93
0.37396,-1484.12
0.375038,1657.99
0.376346,536.22
0.377961,410.998
0.382268,-477.714
0.382804,1732.86
0.384618,-736.661
0.389491,-597.542
0.391584,257.149
0.394777,1278.65
0.396362,-200.661
0.396644,1368.95
0.39704,315.344
0.400129,294.565
0.400625,-402.566
0.401662,93.6966
0.404607,84.98
0.407122,264.574
0.408518,2757.1
0.41458,768.419
0.41532,876.088
0.418881,2117.51
0.427496,-841.172
0.428207,-606.04
0.432302,-257.67
0.43301,443.894
0.434493,326.455
0.441153,1746.15
0.444158,2177.98
0.445036,1278.33
0.448311,-623.869
0.450456,-1607.97
0.450593,651.934
0.456075,3049.38
0.460585,-578.433
0.466398,154.4
0.46797,1993.22
0.469563,84.3936
0.476619,623.195
0.484813,951.665
0.486303,729.914
0.487938,19.6248
0.488935,67.3983
0.491964,305.156
0.49278,-268.963
0.493754,-578.756
0.493861,987.516
0.49749,-604.758
0.498465,-98.3283
0.499151,-770.291
0.501319,-461.261
0.50156,1692.45
0.501635,2265.22
0.503222,-631.803
0.505124,792.952
0.50925,435.28
0.514991,13.1961
0.515834,1456.81
0.518359,293.065
0.523685,479.588
0.526032,976.17
0.527186,931.167
0.529501,1151.31
0.532959,161.431
0.535351,-606.472
0.53607,667.824
0.539441,1223.71
0.541035,431.196
0.554167,640.829
0.559057,149.924
0.561458,1513.82
0.561707,335.55
0.561731,452.954
0.562052,-447.674
0.563656,-491.923
0.566152,-951.094
0.567158,-1321.94
0.571382,274.798
0.574069,269.019
0.574486,1944.84
0.577699,974.563
0.580533,1182.84
0.580901,1528.88
0.581509,721.994
0.584965,1598.81
0.585386,386.752
0.590686,-1991.27
0.596174,695.937
0.606479,-952.221
0.607944,783.233
0.608878,591.428
0.609486,-57.1997
0.614422,93.7374
0.617346,24.876
0.619405,-2356.58
0.620689,1125.52
0.62329,1281.24
0.624621,782.966
0.625017,1638.9
0.626879,390.207
0.627351,1050.24
0.627994,72.2642
0.630663,94.4251
0.631288,-188.47
0.636322,-0.632234
0.644061,784.952
0.644679,-1405.83
0.663839,123.991
0.668292,21.0053
0.668492,660.265
0.67538,-3246.09
0.676841,-115.262
0.677466,215.135
0.677778,873.506
0.685958,720.755
0.690284,-62.9961
0.690315,27.5453
0.691346,1350.9
0.692452,2163.15
0.694242,-317.852
0.700655,2180.34
0.700886,-241.788
0.702221,545.806
0.70704,177.632
0.708407,184.594
0.710654,455.174
0.71404,746.519
0.714886,827.512
0.718247,240.302
0.723117,-305.9
0.72769,62.6546
0.730173,1314.7
0.732672,1297.1
0.733969,692.417
0.734225,-21.9209
0.73787,-2404.88
0.740296,517.586
0.740659,418.516
0.750617,771.77
0.75391,3294.11
0.755498,-1153.74
0.756401,-1725.14
0.756886,870.156
0.759952,2281.79
0.768216,-655.614
0.772187,-551.134
0.775013,1796.54
0.775308,-401.153
0.775831,97.3116
0.784574,-466.808
0.784709,349.597
0.785229,-704.111
0.787523,1354.51
0.787526,-183.855
0.796508,682.175
0.808987,46.9983
0.822476,1461.19
0.829673,-37.0637
0.831089,-829.271
0.831314,-32.7025
0.833398,223.375
0.837719,-129.506
0.839592,-78.9576
0.839689,607.497
0.841872,1501.99
0.849376,1935.88
0.85088,-275.009
0.852667,142.123
0.856117,162.188
0.856885,-494.727
0.857447,-943.94
0.858,2850.53
0.862583,-2234.57
0.867787,1448.15
0.87141,13.7787
0.876726,1068.01
0.879441,794.332
0.879679,-171.324
0.888175,282.956
0.893184,-1460.64
0.896507,-211.914
0.897091,-769.689
0.899771,231.625
0.906634,-475.403
0.907425,271.102
0.909273,553.662
0.914088,1971.97
0.915425,283.823
0.916549,470.998
0.916734,-1863.83
0.926529,1879.32
0.928474,509.401
0.937161,387.056
0.944753,1466.28
0.954828,891.054
0.956305,-876.502
0.95639,-589.361
0.962766,153.403
0.967155,-734.61
0.974017,178.408
0.978573,1684.14
0.980024,3069.13
0.982247,-1297.32
0.994686,28.7478
0.996366,1296.41
0.997566,-724.061
1.01522,1762.67
1.01885,-267.405
1.02123,-10.7506
1.02347,1341.69
1.02517,-1458.82
1.02766,-993.481
1.02778,1244.91
1.02883,1884.51
1.03167,1483.8
1.03196,-1391.69
1.03759,705.69
1.0576,221.14
1.07653,300.529
1.07742,-216.139
1.11379,1627.52
1.11886,2210.04
1.12999,902.685
1.13128,894.458
1.13211,460.931
1.13475,2021.16
1.13766,1593.34
1.14586,-1058.67
1.14945,-195.518
1.16688,-1276.68
1.17477,1244.96
1.17944,-251.672
1.18393,1160.8
1.18473,272.705
1.19077,2111.69
1.19384,2373.2
1.2011,-185.167
1.20443,-698.804
1.22025,67.8273
1.23353,1490.67
1.23366,452.284
1.2512,-871.499
1.27102,1657.47
1.27183,105.274
1.27471,-193.89
1.27697,-389.316
1.27831,-955.015
1.2896,759.667
1.29125,-1405.62
1.29774,358.494
1.29839,-429.373
1.30876,446.031
1.30953,451.3
1.30978,373.223
1.32438,1609.69
1.32741,857.845
1.33503,501.36
1.35134,-393.432
1.35503,-1070.78
1.40034,1048.5
1.40824,646.39
1.40939,796.207
1.40965,-713.214
1.41457,999.843
1.44144,-1330.45
1.44587,-206.049
1.45017,1024.66
1.45233,1800.03
1.45397,2551.53
1.45414,-601.113
1.46938,2113
1.47134,-88.9004
1.47724,997.176
1.48583,1066.43
1.50079,958.59
1.52276,-448.971
1.52344,2784.31
1.55569,-630.897
1.55938,2318.02
1.56232,225.59
1.58892,-2100.86
1.59087,679.344
1.61108,2934.35
1.62586,-1248.68
1.63061,1305.21
1.65425,384.579
1.65574,1462.05
1.65633,1291.11
1.66012,787.06
1.66444,-1829.89
1.69674,449.805
1.71484,345.134
1.72212,902.889
1.75427,26.1593
1.76041,-842.073
1.76764,-584.493
1.78507,-902.231
1.78741,2214.13
1.81005,-1396.58
1.81208,-30.04
1.8209,859.361
1.84149,1347.4
1.85834,1249.69
1.86482,630.698
1.86712,397.426
1.87129,890.324
1.89159,1429.38
1.91978,186.238
2.01392,1491.55
2.01436,-452.515
2.05822,543.088
2.05903,1101.32
2.05921,1070.62
2.18571,585.455
2.19172,957.04
2.21244,848.005
2.21341,842.266
2.25263,53.8461
2.27374,218.358
2.30122,-199.754
2.30662,-349.897
2.31346,2462.85
2.39,340.506
2.39272,844.062
2.39686,1150.77
2.41131,577.126
2.41834,-204.533
2.42696,700.42
2.52875,132.519
2.55222,1297.26
2.59657,-383.448
2.65927,344.105
2.72039,-286.742
2.7904,-675.101
2.8207,-537.004
2.85974,2601.28
3.35121,-415.093
3.79097,482.218
4.23874,358.537
4.88371,918.029
