Pressure
0.637828
1.35104
1.23344
0.590383
0.606294
1.99048
1.5369
0.542882
0.612008
1.18361
0.174075
0.85243
0.600164
1.73954
0.176988
0.436521
0.857464
0.330297
0.213614
2.90842
0.478562
0.644172
0.84745
0.390446
1.11528
3.10404
0.358291
1.38854
0.241799
0.492845
2.46964
0.845476
0.332858
1.25715
0.759545
0.691398
2.41463
1.68423
2.34867
0.770609
0.74235
1.48338
0.665468
0.76809
0.472599
0.313831
0.157045
1.95496
0.32954
1.21906
1.26277
1.00914
0.604359
0.840838
0.295699
0.485581
1.80207
0.948542
0.545703
2.15869
1.84184
0.518674
1.09947
0.4563
0.0167469
0.526867
1.93978
1.00248
0.702069
0.35142
0.852088
0.438572
0.736832
1.31807
0.122832
0.85729
0.726807
1.24811
0.989878
0.28496
1.25209
1.89839
0.705837
1.31657
0.597923
2.83541
0.112354
0.141974
1.37418
0.351831
3.63112
0.601605
0.392546
0.212194
2.72541
1.53125
0.554344
1.70881
1.12358
1.12762
0.574615
1.9432
0.249916
2.16844
0.27677
0.499322
1.00902
0.597711
