Pressure, Change in distance between ball and goal
0,-992.24
0,-572.417
0,-1039.82
0.00633479,2173.93
0.0103189,-943.32
0.0137093,-1907.27
0.0170281,391.376
0.0181202,193.077
0.0193087,-1066.71
0.02118,108.891
0.0252247,-306.886
0.0256943,-1259.42
0.0277781,1471.19
0.0295259,-2310.6
0.0375135,224.568
0.0380449,-166.486
0.0386836,1143.48
0.0393469,-604.638
0.0405087,1265.34
0.0490838,1660.42
0.0576063,-172.766
0.0625092,-1289.5
0.0689258,-280.292
0.0711276,1319.46
0.0743088,-1679.21
0.0775149,578.547
0.0776068,-1259.43
0.0812253,1066.44
0.0825134,-524.822
0.0859162,108.204
0.0913769,-363.073
0.0960048,-218.876
0.0967617,-861.619
0.0973486,-1557.74
0.0976367,2388.74
0.0977399,979.215
0.0978302,752.091
0.0984709,84.4765
0.100186,-36.5612
0.105594,-3370.98
0.105621,-509.692
0.10823,-2376.7
0.111013,113.247
0.113953,-1783.35
0.114225,-165.916
0.118202,-892.913
0.120652,-2610.92
0.121779,-1330.11
0.122603,-373.827
0.12339,1694.08
0.124568,-321.258
0.124572,-168.402
0.128054,2610.4
0.128594,-1135.07
0.129352,1144.18
0.129855,-338.263
0.131959,-1867.4
0.132753,-1228.81
0.133948,1615.65
0.134799,-2620.69
0.136413,-1694.57
0.141229,2719.55
0.143189,-262.653
0.145188,-2198.62
0.14545,-1141.61
0.14563,-500.709
0.148779,2347.1
0.149472,-1971.21
0.15168,-384.235
0.15174,-454.828
0.152197,-166.474
0.153157,165.497
0.156756,130.034
0.158321,624.888
0.158436,2244.21
0.158682,1850.58
0.160733,-643.071
0.163434,184.357
0.164461,-2244.31
0.165657,-1382.49
0.165926,-617.301
0.168006,-2622.28
0.170208,108.064
0.174249,171.486
0.178212,-1099.85
0.18078,-2712.58
0.182403,326.129
0.183722,664.494
0.184257,-224.761
0.19055,-336.671
0.190719,-285.354
0.192405,-1818.38
0.194449,2397.09
0.194466,-3021.15
0.194547,-729.443
0.195311,-3147.74
0.195906,1080.01
0.196262,-1767.27
0.197359,691.152
0.199715,424.24
0.201816,232.516
0.202141,-1029.72
0.203267,-867.158
0.204076,-278.926
0.204333,-1826.22
0.20527,-4528.62
0.205979,1675.15
0.208508,-4107.38
0.210841,583.617
0.212922,1160.64
0.215731,-2661.62
0.217566,487.281
0.21827,-1150.08
0.22292,1925.4
0.224359,-3226.1
0.224589,1170.87
0.226631,123.647
0.228479,516.518
0.229607,2915.77
0.229867,-811.282
0.230832,-964.85
0.230974,853.221
0.23147,-524.007
0.233968,57.9101
0.23538,894.336
0.236835,-527.283
0.236889,-804.956
0.238591,-1804.69
0.23923,-2815.95
0.240507,1995.53
0.241341,-661.421
0.242738,1865.34
0.244451,40.772
0.245292,-1533.95
0.246752,-875.393
0.247115,-1152.42
0.248406,1873.93
0.248414,408.262
0.248584,-1870.75
0.249248,-1424.14
0.250028,-18.5079
0.25027,-131.068
0.251643,213.445
0.251667,-704.569
0.25238,-1534.14
0.252683,-16.8901
0.252726,-1160.98
0.252754,3386.78
0.252983,-1423.23
0.253022,957.282
0.253533,1828.27
0.253708,-452.857
0.254205,-962.474
0.254338,-661.202
0.254462,94.6743
0.257959,-1579.9
0.25799,495.98
0.258298,58.8803
0.260091,-1356.03
0.260147,-2429.87
0.260757,-1088.98
0.261248,-331.881
0.262626,-376.619
0.2627,1598.52
0.263317,-777.471
0.264679,195.497
0.268111,1550.04
0.270133,1810.26
0.27059,-2048.52
0.27094,-151.124
0.271021,2072.99
0.271391,2409.5
0.27235,-1900.96
0.272608,-1303.89
0.272624,-413.894
0.273451,-2527.22
0.274009,-798.011
0.274179,664.39
0.274974,32.5577
0.275216,-362.665
0.276672,1938.39
0.276853,-1886.53
0.278231,-3258.59
0.278434,-1540.3
0.279884,-1314.07
0.280547,-1307.46
0.28387,468.92
0.285151,-1693.51
0.286243,2044.16
0.288816,1662.97
0.288913,-1300.95
0.289661,-1543.47
0.289838,-1607.59
0.290031,-228.887
0.290797,-435.81
0.292456,980.651
0.293292,1122.57
0.296102,-11.1495
0.296219,2093.15
0.298025,1216.78
0.298233,-1878.21
0.299407,-3399.36
0.30024,302.012
0.300542,-383.985
0.300718,-1694.91
0.301069,-1540.2
0.301695,-2919.25
0.302202,2741
0.302752,-492.884
0.302937,-889.828
0.307385,-572.764
0.308403,-400.33
0.308984,-79.3451
0.311173,-932.682
0.311513,486.53
0.314296,-322.71
0.316423,712.916
0.316483,-557.878
0.31704,537.155
0.317094,-223.833
0.318675,-953.433
0.32007,-1142.94
0.320442,839.72
0.32057,1606.19
0.320858,-1179.01
0.321891,-1677.96
0.323031,-236.395
0.327866,-715.57
0.33073,-991.297
0.331251,-1011.46
0.33289,-97.6465
0.334186,944.435
0.334561,-2605.01
0.335513,-1073.5
0.337424,857.832
0.340042,116.28
0.340206,380.707
0.340676,254.364
0.341077,158.463
0.343105,1340.96
0.343797,-2069.34
0.344688,1817.68
0.345895,1509.43
0.346428,-313.758
0.347139,598.833
0.347889,-595.399
0.348682,-581.159
0.350594,-1181.03
0.351747,-1275.2
0.352825,-3119.99
0.355677,-106.39
0.355885,-1936.2
0.356494,-1506.17
0.356735,-1021.56
0.359778,-1754.94
0.362189,-213.169
0.363094,-367.17
0.363629,-1362.08
0.36561,-4120.13
0.36621,-2336.36
0.367169,1123.71
0.367637,475.731
0.368563,-1117.07
0.371812,-1626.05
0.371981,1089.67
0.372682,-2582.26
0.374217,-681.837
0.374654,-9.86736
0.374854,-1459.85
0.375611,-171.218
0.375922,233.455
0.377125,2284.62
0.37766,-43.6627
0.378175,27.8878
0.378291,-345.038
0.379108,189.89
0.379231,-860.022
0.379483,425.349
0.381,-1211.91
0.381141,-460.222
0.381915,1076.74
0.382017,179.784
0.382909,915.307
0.383433,-2820.04
0.384259,-1100.83
0.385338,-2051.08
0.386546,-1599.99
0.386767,-1217.38
0.388011,-601.246
0.389203,-1431.63
0.390001,-458.043
0.390215,367.972
0.390793,592.651
0.391046,3515.46
0.39127,-2324.25
0.391504,-3177.85
0.391651,-1682.64
0.391694,-56.153
0.391761,-997.177
0.392877,1864.19
0.393061,291.779
0.393786,979.364
0.397748,-1180.39
0.398154,-1273.98
0.398283,-1291.99
0.399097,-1644.37
0.399784,-951.584
0.400297,-2552.72
0.400675,-1593.4
0.402072,-1801.87
0.402559,169.456
0.402848,815.604
0.405807,-282.376
0.406458,-664.14
0.406784,-1241.79
0.407234,741.295
0.408368,-515.378
0.410881,-2176.87
0.411016,-1953.17
0.411558,-1280.16
0.411652,1850.72
0.412177,217.178
0.412245,114.914
0.413636,744.642
0.414885,1022.6
0.417323,178.963
0.418951,872.454
0.420267,-463.161
0.42029,-969.524
0.420308,2017.26
0.421176,-1365.63
0.421529,-1002.47
0.422959,-1472.39
0.425528,-701.852
0.42597,-72.6937
0.426072,-129.611
0.427381,-1383.42
0.428984,-634.239
0.433401,1814.5
0.433815,-2087.24
0.434442,-219.791
0.434667,-144.146
0.435528,-175.821
0.436155,345.9
0.437547,-281.367
0.437612,-425.796
0.439007,415.153
0.44227,-1029.3
0.442898,905.28
0.443169,1243.18
0.446248,-624.159
0.44665,-2056.48
0.448889,634.669
0.450208,-440.355
0.452864,243.525
0.455598,1631.56
0.456971,-1292.68
0.458865,-1336.31
0.459237,-743.088
0.459428,-2084.73
0.459478,-46.6415
0.460566,172.45
0.46094,391.867
0.46129,-3665.47
0.462468,157.927
0.462829,109.607
0.463844,-3257.46
0.465349,-256.549
0.465746,-1080.55
0.465767,937.819
0.466233,-345.441
0.46708,-1369.88
0.467096,-544.945
0.467661,-3298.14
0.46781,2436.12
0.469375,2642.8
0.470898,-347.712
0.471432,-1156.61
0.475094,-3157.45
0.475753,-1792.1
0.476966,-1386.93
0.478688,-188.116
0.478937,-1149.4
0.479237,-1206.21
0.481532,-1015.5
0.482749,149.046
0.48377,-533.805
0.483859,-634.494
0.484548,98.6495
0.485107,-2189.7
0.485294,-527.216
0.486229,629.294
0.488069,745.236
0.489804,-962.582
0.48985,-653.071
0.490052,-25.4899
0.492725,-607.792
0.492919,1024.77
0.494063,447.313
0.497061,-826.725
0.499078,-482.667
0.499349,209.59
0.499521,-1451.15
0.499709,258.669
0.503899,-253.668
0.503943,-3698.71
0.506086,-3085.63
0.506326,-286.684
0.507039,-563.328
0.508542,834.001
0.508856,805.821
0.509113,-1712.06
0.510269,-553.801
0.510528,-935.933
0.510886,242.435
0.511127,2381.69
0.512354,-645.338
0.512429,-130.733
0.515662,649.216
0.515735,-1716.65
0.516111,-1379.06
0.516349,-384.851
0.516349,-1395.95
0.516396,219.27
0.516662,-92.9164
0.516696,1458.87
0.516829,953.789
0.516918,-3118.04
0.518346,-2662.63
0.51975,-3929.99
0.519945,-1120.5
0.520626,-1204.53
0.521799,-1683.9
0.523188,-2356.18
0.524832,-1120.46
0.527605,903.807
0.529753,-666.815
0.530351,39.342
0.53072,2230.16
0.531073,-2764.98
0.531467,117.93
0.533912,733.695
0.534061,-992.753
0.535115,952.337
0.535563,-426.429
0.536023,139.49
0.53742,-3537.29
0.537465,726.432
0.538416,-1854.14
0.539112,648.817
0.539584,-2445.87
0.540007,-2392.98
0.540685,1426.45
0.540749,-592.021
0.542006,57.1219
0.542521,499.569
0.542871,-402.768
0.543673,-1187.6
0.545983,-613.138
0.547875,-940.593
0.548222,-1185.48
0.549333,-920.027
0.550948,-22.8236
0.552236,-688.628
0.552553,2398.03
0.554966,-97.9657
0.556098,-3825.29
0.556771,-411.023
0.559565,-837.269
0.561899,-716.167
0.563931,853.294
0.564294,407.712
0.564951,-785.291
0.565736,-455.631
0.566495,-684.78
0.56728,-378.724
0.567582,2129.21
0.569481,-464.898
0.570722,-537.009
0.570752,-638.427
0.574637,-1021.13
0.574846,-1264.99
0.575454,-1988.42
0.576001,-914.538
0.576146,-947.218
0.576452,-626.641
0.576982,-2002.28
0.5819,193.624
0.582728,821.049
0.584339,931.611
0.584516,-1523.93
0.584975,447.647
0.585896,49.1131
0.586523,-153.331
0.58766,-537.623
0.588194,-459.183
0.58843,-986.046
0.588557,489.234
0.591947,560.138
0.592192,-75.5482
0.593283,718.668
0.593703,-2187.16
0.594027,-1387.51
0.595262,1269.77
0.596248,-1129.42
0.596578,-808.424
0.597871,953.617
0.598099,2208.18
0.599439,1708.83
0.599583,2600.56
0.599978,-1750.03
0.600021,-310.984
0.600165,-10.951
0.60057,1293.58
0.601219,-1072.3
0.602243,-2216.9
0.602381,-473.023
0.604958,913.105
0.605527,198.684
0.60703,-1461.74
0.607575,-3626.98
0.609044,-927.433
0.609618,-977.043
0.610276,-1283.73
0.610308,2277.58
0.610379,1187.89
0.610988,-2794.69
0.612564,-3727.31
0.613662,-33.6491
0.616408,-1360.35
0.616733,-2170.09
0.617933,897.265
0.619294,877.852
0.620103,469.567
0.620175,-953.041
0.620233,-334.863
0.621269,-2782.63
0.621487,-1176.05
0.627457,-1540.19
0.629072,85.9007
0.63015,702.897
0.630292,-353.175
0.632011,1243.69
0.632853,-346.932
0.634454,527.397
0.635392,-1296.96
0.636739,20.376
0.636834,1296.3
0.63737,40.7678
0.638308,2581.27
0.63866,-655.979
0.638864,-256.567
0.639258,-723.87
0.640672,569.203
0.640827,-973.191
0.641613,508.144
0.641838,106.308
0.642215,935.867
0.642411,-345.079
0.642685,-1023.07
0.647138,-2267.01
0.647496,-2423.46
0.648583,969.267
0.648666,1079.3
0.64962,-771.841
0.650585,-503.531
0.650681,-963
0.651332,-42.5406
0.652559,433.273
0.653195,-40.5834
0.656989,-597.659
0.657421,583.845
0.658047,-65.4173
0.658292,-844.448
0.659858,1175.1
0.660839,625.41
0.660999,-311.736
0.661173,-394.359
0.66284,-3000.56
0.663548,461.384
0.665901,-601.48
0.666611,-1296.27
0.67004,-1891.44
0.671887,-1257.41
0.672018,-2823.66
0.674431,-373.141
0.674637,-639.768
0.676195,293.949
0.677622,1671.53
0.67831,-499.652
0.679411,-1119.57
0.679818,-123.516
0.680047,-889.282
0.681215,-1998.2
0.684885,-631.357
0.684962,-1038.56
0.68628,-1314.36
0.686645,2872.78
0.687766,-2181.03
0.68972,-1788.33
0.69244,-1160.58
0.692825,1534.75
0.692843,-231.063
0.693026,-356.171
0.694563,-93.7521
0.695305,-736.618
0.696305,-1193.93
0.698529,-223.732
0.700958,-1791.68
0.701156,-710.797
0.701395,-186.471
0.703473,1076.55
0.703704,-143.632
0.705795,149.956
0.707323,1286.48
0.708994,-5116.7
0.711057,-1931.89
0.712626,-469.13
0.713782,413.268
0.714661,-655.91
0.72232,-698.553
0.723711,1612.88
0.725575,1466.49
0.727908,-192.934
0.72822,-1092.28
0.731144,-462.856
0.731264,350.556
0.732292,-1090.74
0.73232,-1385.86
0.735196,-4504.2
0.736485,-1053.48
0.737361,-351.967
0.737582,729.542
0.73789,-1318.31
0.738929,-1745.05
0.744278,1965.34
0.745685,965.42
0.745759,2959.24
0.745985,-1024.73
0.746126,884.873
0.747005,-1353.58
0.747622,851.536
0.748492,-581.286
0.748794,256.916
0.749759,-209.881
0.750635,-954.703
0.751669,-1136.85
0.752553,634.704
0.752798,-2481.9
0.756239,1812.5
0.757413,-1076.64
0.757445,-967.323
0.758014,394.855
0.75819,-120.263
0.759025,-1251.93
0.759687,-64.8459
0.760145,-219.716
0.760161,-1710.24
0.761294,-679.956
0.761581,112.04
0.763916,329.683
0.76432,611.798
0.764518,-1876.9
0.765064,3314.46
0.76609,-967.083
0.766521,-1451.14
0.766683,-860.586
0.767233,-1202.69
0.768721,-881.187
0.769229,-809.913
0.771075,-648.678
0.772059,-1573.58
0.772075,609.406
0.772858,641.132
0.77408,-170.621
0.780723,-4391.07
0.781994,-510.472
0.782198,-778.719
0.783385,-994.244
0.783988,602.702
0.785169,636.315
0.785193,-2012.53
0.786137,1108.97
0.788689,1341.27
0.788845,-298.94
0.790288,-1056.82
0.792668,1349.32
0.792845,1938.78
0.792991,-944.823
0.79386,-932.661
0.796003,-1250.38
0.797429,654.065
0.799266,98.9891
0.799925,-348.842
0.80013,-1610.09
0.800724,-1881.29
0.802862,458.192
0.804494,238.54
0.80476,233.207
0.805115,1544.17
0.807245,-169.447
0.807397,1476.26
0.812638,1175.02
0.813339,-1324.74
0.814947,13.176
0.815291,-1705.6
0.815843,168.733
0.816316,1291.28
0.816472,2301.29
0.817484,-132.874
0.819043,-241.33
0.821558,1166.57
0.822971,-529.641
0.823344,1993.52
0.823618,423.203
0.824301,-508.273
0.824354,-680.928
0.824689,1829.37
0.825803,-1539.44
0.826082,26.1104
0.826573,-1356.79
0.827036,725.396
0.829538,618.588
0.831333,-1324.98
0.831736,-353.468
0.832829,-730.065
0.833273,-1291.7
0.835519,-223.668
0.835981,1800.97
0.837386,-921.953
0.840366,-1174.18
0.841477,-1426.94
0.844407,-1195.65
0.845893,-1242.89
0.846463,1454.29
0.847135,-486.961
0.848904,-987.971
0.851178,321.469
0.851418,-488.335
0.856899,-1125.65
0.857235,-1264.84
0.858365,511.801
0.858691,-846.78
0.859963,-223.135
0.860669,-2991.26
0.86075,-2573.55
0.861927,-166.94
0.864765,515.449
0.86645,-544.799
0.867421,-637.011
0.868156,-2080.12
0.870941,-2185
0.871083,-1553.12
0.871145,-686.379
0.873869,-656.253
0.875128,511.877
0.876086,-1703.06
0.876532,-831
0.878522,-350.051
0.88113,-774.207
0.881553,414.141
0.883068,-1318.21
0.884048,-1083.18
0.886311,210.646
0.888444,-3204.01
0.889806,-245.653
0.891035,-471.228
0.891258,-270.211
0.892495,-831.341
0.894063,-2115.96
0.894139,194.34
0.896558,-1035.12
0.897572,-397.363
0.898956,-1491.79
0.901607,3208.89
0.90338,-1560.41
0.903878,472.576
0.908655,-4529.23
0.910419,222.948
0.910874,-211.564
0.915472,-1640.87
0.91582,-1179.69
0.916613,-624.835
0.917773,-2502.26
0.919755,-276.933
0.924109,-1366.93
0.924224,337.503
0.924525,-1208
0.924809,-1733.26
0.925492,-2712.34
0.929901,-2340.56
0.930089,-3822.44
0.93236,619.778
0.933616,-1177.4
0.93407,196.567
0.934414,-1443.24
0.935833,-222.726
0.936611,-1651.52
0.936751,-1963.61
0.936753,-252.019
0.937276,405.291
0.938217,189.269
0.941076,561.476
0.942028,-982.422
0.944537,-828.035
0.944603,-2354.34
0.945434,-245.418
0.946793,1215.03
0.954447,-68.6844
0.954618,-678.289
0.955496,-1439.97
0.95573,2704.82
0.956048,-2018.13
0.957698,-1670.16
0.957979,-2002.46
0.96876,-409.24
0.970618,1185.29
0.970942,1157.68
0.971396,-1290.51
0.972751,300.388
0.976674,199.648
0.976679,-2971.15
0.977289,-1198.62
0.978303,2336.8
0.978562,-1013.23
0.982053,-1247.14
0.986083,-1167.45
0.986825,-133.375
0.987775,355.91
0.99003,-37.6236
0.990862,-2426.72
0.991002,-1090.11
0.991836,-237.467
1.00017,-734.225
1.00049,-530.774
1.00155,-921.038
1.00321,181.983
1.00424,-688.092
1.00477,764.556
1.00685,-105.712
1.01126,405.959
1.012,-4025.51
1.01268,-3842.58
1.01285,-1875.87
1.01395,2509.63
1.01406,-581.678
1.01551,-1872.44
1.01659,49.6354
1.01687,787.392
1.01727,-781.71
1.01738,1208.9
1.02102,-436.777
1.02151,1559.7
1.02228,1323.79
1.02504,696.772
1.02512,2195.57
1.0256,-1072.56
1.02582,-1711.61
1.02594,-236.126
1.02664,-1283.2
1.0271,-602.723
1.03194,-430.734
1.03315,-905.577
1.03366,668.196
1.03369,1571.64
1.03376,-756.918
1.03399,369.815
1.03498,419.457
1.03981,-1639.04
1.04016,-877.681
1.04234,-1986.89
1.0445,132.655
1.04485,-3410.63
1.04732,-948.174
1.04778,825.516
1.04962,-2678.9
1.05131,-589.531
1.05832,-352.936
1.06167,-5454.87
1.06197,108.141
1.06393,1345.12
1.06425,-671.295
1.06458,-745.076
1.06576,467.851
1.06833,1026.43
1.0688,-2107.56
1.07123,-278.513
1.07511,-2711.11
1.07577,-981.922
1.08119,-1002.74
1.08764,-876.782
1.09455,-2022.24
1.09718,2572.02
1.10056,236.361
1.1024,2706.85
1.10252,-2239.23
1.10506,-180.679
1.10577,-2252.08
1.11262,425.916
1.11602,588.627
1.11607,-170.906
1.11652,-328.341
1.11655,-785.585
1.12082,1090.07
1.12203,1921.26
1.12425,152.722
1.12543,-714.891
1.12693,459.595
1.12964,-40.8193
1.13037,-1393.14
1.13091,160.153
1.13192,-255.865
1.13258,1084.39
1.13472,-1013.92
1.13591,-678.1
1.13848,-3487.29
1.13864,-1353.47
1.13874,535.858
1.14093,1821.05
1.14097,-3814.27
1.14319,-948.176
1.1446,-207.719
1.14943,-214.529
1.15395,-409.481
1.15533,-580.686
1.15655,181.231
1.15663,-1285.8
1.15693,-76.6644
1.1586,-150.501
1.15952,-3558.31
1.16032,86.1526
1.16498,1976.5
1.16699,-47.5324
1.17064,-2935.21
1.17071,-1491.68
1.17252,-2138.09
1.17273,2458.74
1.17407,-70.2447
1.17608,322.098
1.17831,-324.935
1.17892,-2177.89
1.18202,-2832.53
1.18794,-2769.85
1.1893,-931.732
1.19068,-1666.72
1.19438,1955.8
1.19769,-1046.59
1.19861,-3780.57
1.19935,-446.959
1.2016,1944.43
1.20262,2264.37
1.20384,77.456
1.20395,-731.109
1.204,-1169.47
1.2045,21.8676
1.20909,-844.816
1.21555,1184.53
1.21625,-351.251
1.21698,-255.557
1.21871,1430.06
1.21915,-183.793
1.22134,-618.335
1.22142,-1190.2
1.22576,-37.5686
1.2263,-1415.73
1.23161,1621.37
1.23204,-963.181
1.23402,-493.106
1.23556,-351.834
1.23619,-116.484
1.23831,-62.403
1.24075,-478.099
1.24095,-1680.92
1.24354,-1430.42
1.24435,-476.758
1.24438,-2348.78
1.24779,336.667
1.24919,-1211.99
1.24927,839.424
1.24951,-749.477
1.2497,-1276.23
1.25014,-1331.28
1.25254,429.359
1.25477,-285.999
1.25491,-715.448
1.26128,37.955
1.26391,160.152
1.26601,-2667.54
1.26744,375.935
1.26777,-1397.51
1.27112,-717.08
1.27446,-871.72
1.27497,487.039
1.2774,350.524
1.27903,-574.681
1.2808,-2490.71
1.28144,-512.099
1.28299,-975.483
1.28343,2989.62
1.28363,-543.212
1.28487,-706.932
1.28895,380.646
1.29948,-1627.8
1.30394,1981.37
1.31051,-685.23
1.3109,-1808.91
1.31156,-825.014
1.31498,-1266.07
1.31543,-1017.99
1.31687,1108.8
1.31716,-1083.56
1.32153,-2314.28
1.32369,1478.86
1.32653,-743.768
1.32707,-3176.45
1.33046,373.885
1.33485,-1124.58
1.33544,1724.28
1.34128,261.515
1.34434,-1040.7
1.34494,-71.9904
1.34622,1785.5
1.34978,2444.65
1.35605,235.01
1.3586,-464.857
1.35933,-608.095
1.36221,-200.236
1.36384,-392.852
1.36868,-1475.93
1.37001,284.905
1.37639,58.3511
1.37768,-178.043
1.38015,-3404.16
1.38031,-1973.28
1.38108,25.0569
1.38494,145.836
1.38805,-561.906
1.39244,-332.295
1.39423,-238.484
1.40096,154.575
1.40239,2554.38
1.40267,400.973
1.4044,-2802.25
1.40496,443.753
1.40799,-1114.44
1.41038,-2962.56
1.41086,-2070.84
1.41359,1107.56
1.42271,474.258
1.42274,-1775.38
1.42329,-2195.65
1.42635,310.079
1.4294,-1307.8
1.43109,-1197.95
1.43532,-1886.32
1.43617,-3227.78
1.43718,-2425.29
1.43798,1405.07
1.43848,-136.12
1.44117,98.5554
1.4428,-662.964
1.44634,-261.056
1.45245,-859.847
1.45509,531.055
1.45551,-939.009
1.45677,1347.3
1.45704,-641.324
1.46004,-533.587
1.46018,-1880.67
1.46114,-572.711
1.46131,-581.11
1.46349,-1501.61
1.46726,-2020.35
1.46733,-2781.66
1.47242,58.5414
1.47492,1510.47
1.48005,2437.52
1.48649,791.252
1.48793,-1262.33
1.49705,-289.169
1.49767,-2000.27
1.50439,-4003.04
1.51026,-3035.13
1.51083,50.1369
1.51743,1262.15
1.52057,54.605
1.52183,-1101.97
1.52581,115.559
1.53713,-841.114
1.53715,-481.194
1.54122,-2076.44
1.54194,1159.09
1.5428,-1282.41
1.54477,-218.775
1.55047,-2816.64
1.55097,2616.35
1.55431,359.633
1.55496,-1609.55
1.55568,-3132.99
1.5596,577.818
1.55993,-1695.54
1.5621,-4999.43
1.56319,-559.896
1.56385,1696.22
1.57051,-3552.46
1.57415,-634.579
1.58325,-2431.26
1.58711,255.177
1.5914,-1635.06
1.59348,-2874
1.59435,1715.47
1.59584,564.66
1.60002,-1723.51
1.60833,-1106.04
1.62015,-2836.27
1.62035,2972.67
1.62292,-319.383
1.62474,-1957.78
1.62861,709.311
1.63065,55.7549
1.63393,-2768.96
1.64055,-528.076
1.64505,-23.0686
1.65684,-1924.97
1.66158,-169.625
1.66493,144.216
1.66549,392.972
1.66622,2064.97
1.66749,-1018.11
1.66795,-1016.72
1.66853,-36.5981
1.67316,-2114.62
1.67438,-1226.53
1.67481,-2356.26
1.67953,-675.879
1.68499,-2496.27
1.6917,1440.2
1.69292,-569.221
1.70061,-2280.75
1.70426,-85.8493
1.70828,310.715
1.71444,-173.599
1.71984,-2125.47
1.72083,-151.671
1.72093,-749.447
1.73399,705.45
1.74216,2528.2
1.74464,998.94
1.75163,-347.389
1.75759,1540.31
1.75965,744.595
1.76064,289.509
1.76805,-1119.18
1.7688,-1269.98
1.77001,1515.91
1.77242,-1542.4
1.77314,-2909.1
1.78001,1879.91
1.78386,-113.458
1.78386,-898.817
1.79216,-222.268
1.80154,-1643.7
1.80843,-360.155
1.80978,-1097.73
1.81111,-222.29
1.81312,274.557
1.83297,-929.494
1.83923,2067.85
1.86174,460.279
1.86268,-1752.94
1.86448,-949.367
1.87575,143.287
1.87925,-1024.84
1.88619,441.555
1.88877,-810.254
1.89068,-1173.19
1.91312,-475.099
1.92736,-718.807
1.94764,-692.852
1.94908,1559.16
1.96109,-945.283
1.97369,-1053.63
1.97757,-962.643
1.98791,373.025
1.99579,-1016.7
2.00905,-205.797
2.00931,708.35
2.00951,-48.908
2.00982,-2269.23
2.01966,-1604.75
2.02115,-208.609
2.03477,-841.067
2.03741,-2050.43
2.03768,833.705
2.04564,-627.595
2.05872,1262.46
2.06831,-460.604
2.06855,858.626
2.08441,-212.472
2.08498,1223.67
2.09221,751.72
2.09293,497.169
2.09345,-628.88
2.09557,-2143.64
2.09799,1709.51
2.10611,-2435.02
2.11133,1007.22
2.11382,98.1271
2.11901,-451.219
2.13314,-286.423
2.13413,-633.426
2.1361,1120.49
2.15582,1089.51
2.16067,-70.6935
2.1669,-851.258
2.17017,1016.57
2.1747,222.303
2.20271,1966.33
2.22001,64.5114
2.23476,-461.902
2.23632,-284.021
2.2372,385.418
2.24035,-818.856
2.24983,241.261
2.25103,201.223
2.27556,588.433
2.29106,366.118
2.29262,134.292
2.30353,-458.914
2.31238,-3564.03
2.31546,-63.3845
2.316,-869.081
2.32343,-832.471
2.32493,-595.419
2.32579,-180.83
2.33012,-1607.66
2.33817,685.732
2.354,-45.4363
2.35554,-712.837
2.36273,-3351.21
2.37802,-203.448
2.38111,559.829
2.39857,-595.873
2.41005,649.28
2.41312,159.309
2.41749,-123.653
2.42732,-917.579
2.43576,-1743.64
2.44369,1174.09
2.4454,998.354
2.47765,670.199
2.50071,-3391.82
2.50981,-889.726
2.51014,-504.576
2.51168,-353.228
2.53708,275.5
2.54837,-2869.44
2.55527,-89.9631
2.55955,-899.437
2.5673,-804.001
2.57621,-1431
2.58367,-654.589
2.61348,-157.305
2.61836,-121.622
2.62666,-1643.55
2.64134,-1969.59
2.64645,-1766.25
2.66559,-916.042
2.67997,1341.23
2.68249,-105.296
2.68416,-1802.86
2.68906,-628.697
2.69462,-1071.25
2.71627,-1191.06
2.72524,-4979.2
2.72838,-2106.36
2.73043,2563.33
2.75293,-51.5414
2.75648,-311.079
2.76,305.57
2.7745,-293.82
2.77583,-233.192
2.80091,-965.77
2.81185,-1448.96
2.82882,-343.126
2.83049,1189.58
2.83441,1180.03
2.83902,-129.552
2.84494,190.736
2.86541,-178.409
2.87369,-1464.32
2.94249,-160.042
2.94828,-1196.58
2.95627,-228.195
2.96298,1302.77
2.96727,847.029
2.97679,265.547
3.00892,-2809.33
3.0117,1072.84
3.01979,-586.456
3.02653,-954.576
3.03791,333.951
3.04228,-63.0577
3.08617,122.95
3.10558,-1157.17
3.13795,-1508.79
3.15766,-1273.17
3.1951,-1039.88
3.24411,-2871.68
3.25833,-3584.41
3.32001,1593.72
3.34789,779.92
3.5158,-524.264
3.63642,-510.576
3.6534,-1380.24
3.66308,687.448
3.66552,1039.29
3.67149,-5217.03
3.74188,868.725
3.77056,-1933.96
3.90484,242.284
3.90853,1326.16
3.9311,-512.809
3.93275,185.088
3.94746,-308.846
4.01057,-2042.31
4.04863,-99.3647
4.18721,935.261
4.4459,-3613.5
4.5348,-877.738
4.65209,675.699
4.70164,934.658
4.81399,344.539
4.87083,-439.205
5.15921,471.754
5.19359,553.408
5.45103,-30.3381
5.74535,833.309
5.97931,-930.999
7.87671,151.09
