Pressure
1.32862
2.47311
1.35104
0.646976
0.378306
2.25507
0.422502
0.463448
1.08794
0.43529
0.499492
0.113496
2.13317
1.03532
0.782027
0.205606
0.528872
2.31004
0.489744
1.23344
2.13963
0.407307
0.429009
0.0346086
1.15892
1.00406
0.803443
0.606294
0.382661
0.879856
3.60799
0.516289
0.269403
2.97522
1.89339
0.346342
0.965754
0.512378
1.5369
0.363641
0
0.0909327
0.823539
1.18124
0.195992
0.432952
7.27607
2.23414
1.55088
1.32789
0.2688
0.298851
0.618077
0.46978
0.595701
0.815459
1.14639
2.28372
0.174075
0.27383
0.304311
0.742569
0.97137
1.00526
0.85243
0.857742
0.739665
0.474669
0.0303028
0.263425
0.639361
2.32276
0.547813
0.909005
4.06919
0.334873
0.751971
1.07207
3.44852
0.0227966
1.62043
3.06325
0.930492
1.11722
0.976454
1.36183
2.11334
0.378247
1.39098
4.48982
0.391377
0.766314
0.819274
2.75982
1.23711
0.498286
0.830217
0.306658
0.820353
0.675459
0.30625
1.62186
0.804804
1.73384
5.75526
1.80986
1.26815
2.36517
1.69411
0.685354
1.48195
0.830666
0.395736
2.99918
0.610963
0.805591
0.330297
3.27914
0.571554
1.06406
1.89525
0.896229
2.19747
0.529853
0.271025
0.814348
0.316999
0.27889
1.38143
1.21213
0.537014
0.562378
1.53894
0.117955
0.43828
0.63575
1.32375
0.756886
2.3931
0.402295
1.29839
0.20287
0.600868
0.515985
1.46078
0.0618277
0.397781
0.202893
0.347255
1.14496
0.390446
1.11528
2.58406
1.21724
1.02135
0.358291
2.15207
0.98874
0.778772
1.78033
0.963821
0.664536
0.798901
1.37858
1.35219
2.66793
0.378964
2.46964
3.83827
1.32741
2.22032
3.11966
1.69753
0.42178
0.845476
0.984291
0.133687
0.170285
1.31305
1.36566
0.246532
0.910182
0.255786
0.394853
1.40659
1.07791
0.283417
2.47235
0.703284
1.15353
2.14233
1.17646
0.513944
0.274167
0.691398
2.41463
1.0689
1.57978
1.09827
0.559539
1.65607
1.24118
0.336857
1.04165
0.77293
0.880392
0.134675
2.34867
0.738919
1.47112
0.819666
0.186968
0.990608
0.902935
0.74235
2.59749
0.482273
0.470198
1.48338
0.892073
0.756682
1.13602
0.324999
0.903348
1.55386
0.76809
0.634225
1.34975
0.511108
3.43602
1.24596
1.01523
0.276624
1.31304
0.738406
1.41018
4.46942
1.8998
0.597586
0.701794
0.369322
0.304544
0.518772
1.10971
2.91461
1.22795
0.313961
2.19923
0.492495
0.260925
0.123257
0.495968
0.352573
0.841037
1.85459
0.966557
0.940065
0.878676
1.93286
0.148728
2.61554
0.665342
0.769719
1.44879
1.40939
0.645601
1.31453
2.5237
0.642092
1.0706
0.831522
2.13746
1.11066
0.45093
2.39401
0.223061
0.565019
1.31328
0.264175
1.20083
0.382486
2.8829
2.02808
1.00914
0.577699
2.09763
0.948521
1.43997
0.295699
0.374666
2.96261
2.55979
1.9064
0.852651
1.37149
1.20072
0.587411
2.53285
0.948542
1.62299
5.51118
3.09357
0.939926
1.79337
1.47546
0.360954
0.222351
1.45551
0.805205
0.782641
0.938557
1.44285
0.519728
1.19745
1.15944
0.835927
0.216895
0.605966
1.14234
2.41285
0.628242
2.62414
1.02479
0.318372
0.351666
4.20714
0.79451
0.639355
2.15869
0.700898
0.981795
0.345929
0.525005
2.33644
0.119362
0.450643
0.487392
0.518674
1.56174
1.2658
1.09947
0.934878
0.981696
0.960153
0.403173
0.629613
0.0979146
2.16771
0.44609
0.436526
0.153921
0.352989
1.694
1.14522
0.216709
0.580912
0.702812
2.29191
0.769668
0.167049
0.705362
0.112615
0.387378
0.349689
0.744275
0.66042
1.49075
0.883099
1.65457
1.01469
1.00225
1.64817
0.847738
2.21152
1.35851
1.33157
3.86765
2.36363
0.342757
0.35142
2.84733
0.885885
1.54514
0.435671
0.757922
1.82503
1.33569
0.403557
2.58435
0.165549
1.48357
1.93452
3.08612
0.658536
0.819685
0.370401
1.38845
1.31807
0.582024
1.13389
2.11827
0.638109
1.98078
1.52075
2.85238
0.715807
0.44205
0.42246
0.582298
0.717757
0.39438
2.29583
0.471724
0.700942
5.07054
1.09621
0.917012
0.726807
2.48887
1.38911
0.989878
0.582033
0.27721
1.90857
2.52875
0.553273
0.946698
0.392255
0.279949
1.61836
1.47217
0.829691
0.971643
1.12625
0.289297
1.31009
0.712601
0.478689
2.95845
0.959094
0.561423
0.536606
1.41167
0.621775
0.321116
1.67072
0.559536
2.83541
0.640616
2.37368
0.537081
0.342694
0.151998
0.4781
0.0983624
2.62829
1.05272
0.817497
1.12068
1.45187
0.61459
0.786686
0.849601
1.52276
1.1564
0.780675
1.23307
0.367528
3.37349
3.63112
0.892104
1.43129
2.63279
0.786005
0.650726
2.38325
1.81362
2.44608
1.24042
0.491392
0.398271
0.118826
0.398343
2.26007
1.98179
3.39852
0.500793
3.03804
0
1.53125
0.802286
0.554344
0.180184
5.89125
2.59614
1.65466
0.196013
0.499471
0.232118
0.286839
0.929524
1.59162
3.07555
1.62055
0.50035
1.59069
1.24292
1.03279
1.97137
0.783569
1.12762
1.12452
0.574615
1.78861
2.03858
0.624087
0.460716
0.744872
0.246882
1.73873
1.24442
0.715762
0.682269
1.9432
0.975526
1.96337
1.70322
0.464673
0.490568
2.40175
0.639839
0.15742
0.325705
0.740478
1.99835
1.19709
0.871755
0.528199
0.235652
1.32117
2.16844
0.120102
0.329384
0.948674
0.413127
5.3133
1.3556
2.21231
2.4588
0
0.977819
1.8373
1.52751
0.626408
0.0759482
0.490416
1.4971
0.373403
1.55928
1.13802
1.59736
6.79291
0.868822
0.0436041
2.08689
0.204953
1.11154
1.57409
0.60907
1.59469
0.701656
1.60544
