Pressure, Change in distance between ball and goal
0,967.246
0.00473588,650.562
0.00685516,-272.74
0.00733751,40.4026
0.00780427,-935.71
0.0147384,-2088.74
0.0188714,-1051.15
0.0251903,-2143.19
0.0267226,408.958
0.0280893,1267.93
0.0294694,-1742.88
0.034327,-1460.97
0.0372264,-409.45
0.0374732,-734.997
0.0386828,-391.667
0.0396225,-465.91
0.0411431,-1173.71
0.0413657,-1459.18
0.0477288,-502.716
0.0560214,305.435
0.05756,313.945
0.0576873,-973.142
0.0578738,1045.21
0.0579552,-1044.07
0.0595367,-1245.99
0.0604176,-568.124
0.0624946,123.222
0.0639001,283.03
0.0657052,-2582.51
0.0669364,2032.4
0.0708055,-991.238
0.0713998,1207.15
0.0730327,-948.781
0.0762053,343.058
0.0766994,-1768.75
0.0775673,209.724
0.0784536,1602.06
0.0787936,-1412.62
0.0829488,-1170.83
0.0829777,-21.6187
0.0862306,-2547.3
0.0873749,1141.82
0.0888938,-430.716
0.0895205,779.816
0.0914217,-823.634
0.0934574,534.059
0.0936018,625.957
0.0945131,-518.268
0.0972255,-2767.69
0.100054,331.249
0.100687,-1600.91
0.10075,803.936
0.100896,-514.185
0.101162,-275.158
0.101232,-1633.41
0.103046,448.454
0.103178,126.378
0.106715,341.903
0.106738,-688.286
0.107572,-709.49
0.108261,664.851
0.110444,-1269.92
0.114087,2554.55
0.115951,-1312.5
0.115979,-584.847
0.116254,793.576
0.118161,-233.013
0.118832,-477.517
0.119569,579.218
0.121085,2115.05
0.121741,-193.113
0.124243,-1332.93
0.124342,562.844
0.127498,687.603
0.127526,1225.11
0.127814,-87.6063
0.128111,-2012.38
0.128603,-1164.24
0.128673,-607.766
0.128772,-269.84
0.129686,-122.534
0.129831,-444.193
0.132615,-3727.47
0.132653,1090.39
0.132735,-327.826
0.133035,-1556.99
0.13388,-422.383
0.134647,-530.287
0.135504,1962.04
0.135955,955.938
0.138225,-1796.51
0.139325,-1302.33
0.139505,393.75
0.139634,1196.14
0.142961,-851.556
0.142983,628.989
0.143435,-1330.35
0.143561,-171.314
0.143841,528.439
0.145683,889.564
0.146129,-1008.08
0.1482,-1799.05
0.151456,-510.597
0.154506,-945.413
0.155256,-596.008
0.155491,580.68
0.156868,-581.964
0.157068,-423.528
0.157347,-764.737
0.157483,-1003.32
0.158334,-1419.8
0.158387,-738.654
0.158465,-1872.61
0.159184,-345.482
0.16113,-544.895
0.161416,-321.567
0.164505,-1643.12
0.165702,-730.089
0.166188,238.639
0.167441,1119.86
0.167856,2176.96
0.168585,-1418.77
0.169426,314.524
0.171858,-294.781
0.172659,-1359.18
0.173611,357.425
0.174341,-244.246
0.174632,982.394
0.174903,264.953
0.176339,-2746.38
0.176939,-386.123
0.177656,428.262
0.177795,-1427.67
0.178226,-1511.17
0.179087,1249.69
0.179163,-968.556
0.179583,-1035.94
0.180463,-408.637
0.181127,-2288.36
0.184924,396.444
0.185314,481.985
0.185331,-249.832
0.186132,-807.176
0.186168,-1521.78
0.187258,-607.95
0.187784,-1048.19
0.188041,-1712.57
0.188565,1289.61
0.189167,-778.65
0.190076,1765.21
0.19054,-1043.04
0.192107,-2910.69
0.192504,-120.148
0.193641,1655.61
0.194365,1753.35
0.196477,-1127.6
0.196534,1254.5
0.198218,-267.97
0.200897,-1667.6
0.202568,-478.161
0.203752,-676.908
0.204191,2922.82
0.204333,-2611.87
0.204515,-716.181
0.207126,46.3624
0.207631,271.848
0.207811,-1597.9
0.209644,-1281.32
0.211113,2836.49
0.211202,-2791.27
0.211428,-303.634
0.211818,769.281
0.212872,-1859.35
0.213236,-378.205
0.213609,-1705.68
0.213967,99.4784
0.214284,-1597.51
0.215687,228.856
0.216583,573.046
0.216972,-934.551
0.217788,-1131.76
0.218517,141.099
0.218793,-680.838
0.219022,-1269.17
0.219094,-1031.85
0.220012,-1656.9
0.221557,-2615.95
0.221662,53.8934
0.224782,931.41
0.225463,-300.309
0.226303,606.309
0.226465,-446.935
0.228578,-3870.21
0.228974,-247.73
0.228981,-2228.06
0.229011,-1400.54
0.229259,496.488
0.229512,-858.688
0.232203,-1795.38
0.232492,-1438.89
0.232898,2462.17
0.233517,-158.401
0.233745,-742.783
0.233862,-608.864
0.235319,-562.357
0.236543,462.538
0.237128,517.534
0.237187,-1424.29
0.237204,-695.32
0.237747,645.627
0.238335,-199.302
0.238596,-53.6403
0.239219,-1308.04
0.23965,-2440.86
0.241559,-843.226
0.241591,10.1249
0.241629,1223.96
0.24386,-1932.35
0.246335,506.658
0.246392,-2009.33
0.246542,376.573
0.248479,476.058
0.24848,-959.584
0.248554,1994.98
0.249095,1417.72
0.249256,-2010.22
0.249273,-2154.03
0.249733,-531.309
0.249927,574.618
0.250053,33.6044
0.252044,-239.487
0.252529,-971.447
0.252618,-822.238
0.253567,-1616.16
0.253589,157.844
0.253909,-2144.92
0.253932,283.786
0.254148,197.912
0.25539,1038.93
0.255596,-1582.61
0.255983,-815.924
0.256147,-384.72
0.257775,260.606
0.259587,-2007.66
0.260589,-157.487
0.261341,-309.902
0.261348,-7.5873
0.261508,2193.21
0.262917,137.5
0.263733,849.483
0.264439,-560.431
0.264931,491.46
0.265456,-2170.12
0.266103,718.956
0.266669,-343.922
0.267068,-1591.92
0.268195,-314.87
0.268852,189.303
0.270644,-557.463
0.273016,-432.446
0.273291,-273.694
0.27369,-793.229
0.274266,3897.18
0.274595,-148.457
0.277253,518.958
0.278988,-1302.89
0.279415,-3265.46
0.281434,1320.42
0.281904,-114.974
0.282892,2442.76
0.283902,527.533
0.284018,233.075
0.28594,813.913
0.286633,-149.826
0.286803,-432.448
0.287418,389.61
0.28748,508.471
0.287768,1081.1
0.288167,-1401.52
0.289065,-542.935
0.28918,308.285
0.289713,-1052.69
0.290641,77.154
0.291594,783.963
0.293479,-1242.08
0.293774,-2467.36
0.293897,-237.151
0.294715,-1522.75
0.296528,-36.5759
0.296774,-2293.82
0.297109,-1665.87
0.297309,-438.831
0.298273,-1219.48
0.298454,-426.39
0.298632,-1855.7
0.299039,-1245.76
0.299171,2115.47
0.299419,-856.84
0.302744,-1238.15
0.30387,328.423
0.304152,-3443.9
0.304166,-885.835
0.304225,144.327
0.304232,126.803
0.304508,-1303.81
0.305457,-1317.86
0.305756,-602.329
0.30607,294.949
0.306487,-1577.39
0.308825,61.7291
0.308952,1078.77
0.310902,1443.33
0.311732,-1781.31
0.313044,-1602.23
0.313237,361.942
0.313538,-637.211
0.313582,1450.11
0.314655,399.7
0.314796,-448.475
0.314978,-43.4598
0.317404,-1093.16
0.317985,3119
0.318553,2053.71
0.318659,-922.33
0.318724,-929.769
0.319039,508.806
0.319393,-1704.41
0.321376,498.249
0.323078,-114.733
0.32439,-552.992
0.324474,140.18
0.325417,-591.508
0.325594,-488.118
0.325781,218.287
0.325811,210.992
0.32654,1036.43
0.327974,462.364
0.328303,-515.526
0.330138,-1109.84
0.331107,-578.65
0.331539,-203.171
0.332783,-1181.52
0.332924,-1143.88
0.333916,-746.49
0.334276,-783.252
0.33458,-2305.6
0.334594,-22.0641
0.335469,-425.613
0.335597,-722.064
0.336339,406.126
0.337214,-237.457
0.337685,-1529.34
0.337982,303.466
0.338252,-798.496
0.339356,-150.04
0.339652,-243.295
0.339966,709.464
0.340278,-230.35
0.341319,-687.546
0.341338,1627.98
0.342064,-661.559
0.342693,-625.754
0.34383,737.608
0.344218,-2930.41
0.344581,-1061.35
0.3455,-503.971
0.346398,-1841.84
0.346602,-909.278
0.347014,1219.74
0.347351,-843.57
0.347531,-1254.51
0.348607,1415.44
0.34878,-185.754
0.35092,-490.741
0.35307,-1405.98
0.353641,-5.77045
0.353749,-927.079
0.354347,-204.865
0.356135,-58.8704
0.358213,-3223.24
0.359109,-2755.25
0.359855,1970.32
0.360479,-379.825
0.360492,-226.639
0.361302,-557.6
0.361533,-1483.36
0.36178,403.462
0.36326,1969.44
0.36387,-528.575
0.364073,-1701.77
0.36411,732.373
0.364563,210.562
0.364686,1268.27
0.365368,-1110.88
0.366911,-1034.05
0.367721,-362.902
0.368652,-1599.35
0.369054,-1740.22
0.369112,-572.05
0.370612,-1167.29
0.371281,-2187.09
0.371746,-1707.6
0.372082,-1124.85
0.372716,-534.963
0.373157,-636.564
0.374473,594.392
0.374501,-685.067
0.375011,-120.816
0.376346,536.22
0.37716,907.704
0.378034,-209.782
0.378662,-955.427
0.382301,-309.124
0.383014,438.27
0.383216,-509.985
0.383406,1345.86
0.384462,-951.821
0.384718,-502.98
0.384787,-980.813
0.385798,-1393.86
0.387151,-875.507
0.388083,-406.362
0.388221,-950.308
0.389491,-597.542
0.390175,-1042.06
0.390287,-1590.74
0.390377,-685.745
0.391012,-1422.85
0.391022,-580.281
0.391663,-1935.52
0.393458,-1114.67
0.394562,565.673
0.394768,284.411
0.395211,-1363.27
0.396726,-1073.67
0.397054,-1123.72
0.397546,-814.315
0.398083,-2100.3
0.401048,2947.05
0.402429,1108.54
0.40317,-351.409
0.403486,-5253.43
0.403836,82.4179
0.404501,92.2632
0.404607,84.98
0.40485,-504.902
0.405708,396.311
0.406282,-1277.49
0.406364,-47.0188
0.406506,-1656.17
0.406771,-636.014
0.40678,-2168.85
0.406815,-440.709
0.407789,-2056.52
0.408306,-1111.76
0.408518,2757.1
0.409786,-1227.09
0.411431,738.754
0.412139,-895.571
0.413285,309.011
0.413758,-1271.01
0.414081,-155.09
0.41458,768.419
0.414852,1299.46
0.414996,-1881.66
0.41532,876.088
0.416359,939.194
0.416994,-755.199
0.41706,-110.59
0.417241,305.459
0.41777,905.416
0.417793,-750.315
0.418063,604.206
0.41816,12.6421
0.418881,2117.51
0.418945,-881.53
0.420709,113.193
0.421216,557.327
0.422848,-1700.73
0.423133,155.243
0.424018,-364.506
0.424135,410.205
0.424293,-1690.65
0.424422,-3497.15
0.424496,-441.367
0.425403,-837.354
0.42936,-679.494
0.430162,-210.095
0.430388,924.188
0.430596,1975.85
0.432422,790.535
0.432479,-852.331
0.433142,-1606.59
0.435087,-2092.96
0.435865,-1180.82
0.436411,-117.927
0.437626,-1399.35
0.438324,-229.942
0.438848,3028.85
0.439641,112.305
0.440482,-220.999
0.441153,1746.15
0.444555,397.522
0.444568,-2288.7
0.444904,-1373.7
0.445036,1278.33
0.44546,198.711
0.445592,-892.83
0.448012,-256.204
0.448033,171.516
0.448119,-800.52
0.448166,-1239.21
0.448343,-649.369
0.449279,-167.35
0.449739,-752.055
0.450383,136.506
0.450456,-1607.97
0.450593,651.934
0.451361,-622.29
0.45182,-63.4343
0.455094,1926.44
0.455273,-1386.47
0.455372,-114.297
0.4559,725.635
0.456506,-362.061
0.456675,-1806.02
0.456715,-139.589
0.456815,-386.472
0.457723,554.625
0.459147,-622.182
0.45996,2320.21
0.460199,1933.1
0.460585,-578.433
0.460778,-606.323
0.461752,1049.11
0.463151,-548.802
0.464349,-1462.29
0.465365,974.033
0.466121,-1517.58
0.466843,-872.681
0.467132,-1885.97
0.467299,-1023.51
0.467422,546.418
0.467631,-494.414
0.467971,852.064
0.470198,243.945
0.470762,16.4165
0.470844,-371.305
0.47137,-430.611
0.472152,-1682.99
0.473445,-102.053
0.473766,-2178.55
0.474476,-3261.27
0.475819,-293.282
0.47614,3147.01
0.476505,-1561.52
0.476714,1086.92
0.477038,-484.589
0.477615,-1077.72
0.481925,-124.656
0.482113,160.126
0.482757,-156.703
0.483144,412.813
0.483587,-1786.6
0.484835,-761.624
0.484944,-1297.08
0.485834,255.438
0.487434,-441.811
0.487938,19.6248
0.48977,1871.78
0.491074,1948.56
0.491232,1051.18
0.491533,384.901
0.491798,-899.83
0.49182,-919.961
0.492307,413.695
0.493033,-55.0991
0.493351,-899.294
0.493503,-1249.55
0.493754,-578.756
0.493861,987.516
0.494082,-1499.75
0.49412,-1427.32
0.494456,-1404.81
0.49478,-1224.12
0.496253,-1317.88
0.496748,-1476.21
0.497105,-65.6682
0.498325,-688.67
0.499151,-770.291
0.499843,2151.91
0.500866,-95.38
0.501292,-219.203
0.501525,-889.651
0.501669,-36.4033
0.501682,-1452.63
0.50181,-2118.29
0.50189,335.479
0.502007,1130.11
0.502121,-28.3058
0.502674,-722.902
0.503222,-631.803
0.503231,-789.871
0.503943,-44.8686
0.504618,-1460.86
0.504662,32.303
0.505124,792.952
0.505309,-524.045
0.507355,-138.033
0.508599,-1941.15
0.508669,-530.437
0.50925,435.28
0.509302,-663.701
0.509445,-825.546
0.510176,624.896
0.511675,1741.19
0.512119,168.351
0.512189,-625.636
0.512609,-262.696
0.512743,-1308.32
0.514238,600.866
0.51429,-1455.51
0.514957,-640.3
0.51545,1247.02
0.516149,-308.485
0.516989,-1770.19
0.51714,-850.681
0.51816,-1815.11
0.518359,293.065
0.518856,-1012.67
0.519137,1569.67
0.519159,-101.843
0.520849,-254.948
0.520956,-3135.81
0.521847,-3276.59
0.524039,-1305.88
0.524566,203.644
0.524576,-5334.51
0.525007,928.422
0.52579,-716.076
0.528261,105.22
0.528589,-2262.08
0.529501,1151.31
0.53024,-1280.1
0.53063,2069.21
0.53105,815.341
0.531158,248.273
0.531327,919.846
0.531901,-29.718
0.533585,916.746
0.534153,-72.4507
0.535351,-606.472
0.535502,656.27
0.536438,156.011
0.53679,-888.548
0.536925,-424.508
0.537007,655.025
0.537839,66.5543
0.538159,-1261.6
0.539441,1223.71
0.540255,-519.525
0.540734,-1942.61
0.54125,369.6
0.541814,-582.684
0.543231,-2334.45
0.544589,-540.567
0.544932,-1240.65
0.545138,71.0621
0.547257,-633.324
0.547445,-1060.68
0.548174,352.594
0.549603,-2590.06
0.549768,-796.553
0.552367,-286.901
0.5538,-4262.29
0.554088,-1153.85
0.55412,658.504
0.554154,-865.578
0.554607,407.787
0.556571,-2446.77
0.557242,252.594
0.558292,-925.926
0.559006,-876.172
0.559031,-3667.02
0.559113,-114.214
0.559274,-99.0923
0.559989,11.455
0.56019,-1165.65
0.560987,129.877
0.561262,202.774
0.561638,-70.2205
0.562327,-386.126
0.562813,981.726
0.563656,-491.923
0.563891,-523.972
0.56403,63.6556
0.565141,891.797
0.565241,1030.16
0.566345,-2518.5
0.566408,303.751
0.567055,147.32
0.567762,-701.841
0.567781,503.61
0.568495,164.84
0.570491,82.8504
0.573767,-1210.19
0.574486,1944.84
0.574775,-306.032
0.576009,-1598.13
0.576531,1290.78
0.577751,-1466.61
0.58026,-1403.14
0.580533,1182.84
0.581509,721.994
0.582505,-4349.42
0.582561,2101.82
0.584868,-349.066
0.58497,-1175.89
0.585386,386.752
0.585467,1599.91
0.585581,-737.06
0.585612,227.787
0.586428,228.063
0.587084,817.164
0.587523,-261.45
0.588026,604.2
0.590037,2610.8
0.590691,-1243.47
0.590793,139.05
0.591164,-1399.72
0.591199,-723.779
0.592735,-206.766
0.596099,1307.56
0.596174,695.937
0.59678,1138.3
0.597712,-1052.91
0.59824,-751.272
0.598246,-941.822
0.598983,450.637
0.600421,-1170.03
0.600443,-1143.94
0.600674,-759.979
0.60071,-359.021
0.601665,-2175.32
0.601803,-610.623
0.603313,105.401
0.604449,-395.376
0.604536,1153.69
0.604794,208.735
0.605506,123.918
0.605762,1071.76
0.606234,-1666.51
0.607944,783.233
0.60803,-789.696
0.609486,-57.1997
0.609767,687.494
0.6098,-381.205
0.610099,-855.421
0.610553,-2334.72
0.611304,-146.343
0.61227,-1000.14
0.613168,-556.24
0.613303,-1090.53
0.614488,-1798.3
0.614758,-109.291
0.614822,-2262.58
0.615562,-619.748
0.615872,710.59
0.616176,2423.8
0.616346,-423.447
0.616989,-585.638
0.617346,24.876
0.619166,74.7662
0.619405,-2356.58
0.621106,-1634.92
0.621692,-2305.83
0.622024,1183.81
0.622206,1472.36
0.622826,538.596
0.623336,550.612
0.6238,-1683.36
0.624922,-534.871
0.625017,1638.9
0.625366,-902.2
0.625413,-150.735
0.625543,-561.788
0.626802,-510.47
0.626879,390.207
0.626907,-1068.96
0.626934,-2923.37
0.627081,-735.802
0.627351,1050.24
0.627837,267.736
0.627994,72.2642
0.628754,1251.77
0.631,962.113
0.631288,-188.47
0.631299,-147.787
0.631773,-1048.38
0.632191,-581.461
0.63302,1743.3
0.63311,958.106
0.633563,1582.93
0.63572,720.645
0.635778,-981.074
0.635821,13.2318
0.636609,-486.766
0.636736,-279.436
0.639282,51.3071
0.639749,-1024.87
0.640342,-3457.36
0.640671,-617.44
0.641927,832.516
0.642499,733.524
0.643859,-1934.73
0.644679,-1405.83
0.645192,-1591.67
0.645284,-597.824
0.646697,163.331
0.647369,-378.697
0.64831,-11.3321
0.648529,53.3477
0.648558,-457.021
0.649147,-3169.88
0.649559,-153.101
0.649595,96.4997
0.651323,-715.147
0.651759,-1066.83
0.652108,-681.023
0.652964,-297.804
0.653,-571.907
0.655691,-962.927
0.656354,-2046.3
0.657142,-1138.1
0.65717,-671.533
0.657575,-2961.82
0.657634,-314.266
0.657682,-135.484
0.65821,-1239.99
0.659926,1369.59
0.659989,-436.379
0.660583,-355.647
0.660596,-1248.61
0.660597,-771.329
0.661542,139.258
0.663134,401.929
0.663738,-210.276
0.664068,144.78
0.664437,1732.79
0.66513,-1241.48
0.665353,-2211.35
0.666041,744.133
0.667337,1157.72
0.668626,-653.661
0.668863,-432.208
0.668948,-1407.76
0.670584,-647.84
0.670771,-1087.64
0.671574,-918.21
0.671955,478.657
0.672319,-1703.18
0.673233,-1154.43
0.674028,1099.1
0.674379,470.392
0.674462,-45.4728
0.674846,365.951
0.675614,-285.633
0.676681,-2006.89
0.676738,-323.292
0.676837,-463.897
0.676841,-115.262
0.676864,879.943
0.677008,396.832
0.677103,1165.23
0.678012,279.157
0.678277,-3825.28
0.678623,-834.903
0.678698,731.206
0.679601,2296.72
0.681983,36.3632
0.682064,-1029.52
0.682498,-101.654
0.682884,-48.2953
0.684076,-704.227
0.68585,-768.391
0.685938,1914.19
0.685958,720.755
0.686135,1157.35
0.68625,-685.373
0.687427,1916.6
0.689761,-2416.28
0.689921,-2631.65
0.690124,24.5668
0.690299,689.619
0.690546,-74.8902
0.690839,-169.001
0.691049,-550.359
0.694242,-317.852
0.694329,270.649
0.694655,125.838
0.695371,-4206.45
0.697485,-1344.43
0.698368,266.606
0.698434,9.63633
0.698443,282.884
0.698549,-1831.9
0.700394,-1328.13
0.700689,306.884
0.700886,-241.788
0.702221,545.806
0.702286,-765.813
0.703165,-1261.47
0.703977,-115.239
0.704394,457.253
0.705123,-4.81755
0.706024,-547.477
0.706171,2401.63
0.706274,-1069.68
0.706787,-1460.6
0.707424,-585.949
0.708111,-1139.64
0.708676,1075.88
0.70908,-1350.87
0.709498,-91.4256
0.709806,542.082
0.710654,455.174
0.712106,-1478.72
0.712673,1401.56
0.713221,1095.71
0.713594,889.708
0.71404,746.519
0.714492,128.281
0.71452,-1294.71
0.715023,-1990.88
0.715427,-141.155
0.718161,-2049.96
0.719358,-1153.97
0.72041,273.903
0.721085,442.457
0.721197,-1628.55
0.721263,-584.251
0.72283,43.8127
0.723103,-446.649
0.723117,-305.9
0.723411,675.501
0.72389,-1397.14
0.725693,-1173.73
0.725895,-2167.84
0.726885,-1945.35
0.72769,62.6546
0.729488,-493.336
0.732701,101.427
0.73381,46.2833
0.734125,-1348.4
0.734227,-1563.41
0.734372,-669.646
0.734661,1643.69
0.734911,1519.28
0.73757,-2258.47
0.73945,-1468.27
0.740188,-1210.71
0.740659,418.516
0.741158,-1372.52
0.743523,-968.18
0.744347,-398.085
0.745177,53.1395
0.746093,-425.232
0.747284,-153.189
0.747421,-331.193
0.748842,-544.234
0.749143,-1306.08
0.749739,-2550.73
0.750466,840.256
0.750728,-1217.31
0.751877,-1191.28
0.753922,-1677.53
0.755235,459.4
0.755685,-914.671
0.755754,-1611.17
0.75651,-768.39
0.75848,2041.54
0.759522,-846.448
0.759938,422.083
0.759952,2281.79
0.760322,292.539
0.761131,-707.236
0.761567,-755.635
0.763255,871.079
0.763673,449.48
0.764154,-4978.17
0.765725,-1688.55
0.76577,-1281.64
0.765785,-567.443
0.766198,-1868.98
0.766371,-1761.09
0.766995,-720.982
0.767101,-1615.23
0.768216,-655.614
0.768252,-418.321
0.769171,629.871
0.770897,-2041.06
0.77117,126.067
0.771585,-3315.24
0.771629,672.873
0.772187,-551.134
0.772696,-597.923
0.773041,-659.77
0.774116,-343.691
0.775013,1796.54
0.775287,-188.484
0.77538,347.328
0.775831,97.3116
0.776435,1423.95
0.777495,1101.08
0.777797,-214.973
0.778031,-1128.91
0.77861,-1508.97
0.778646,447.202
0.779147,1100.76
0.779252,-29.8401
0.780558,-1.73384
0.781907,266.447
0.781951,-986.897
0.783617,583.613
0.784296,-1467.01
0.784709,349.597
0.785887,824.687
0.7867,-1509.46
0.7879,-28.1433
0.789204,804.87
0.789806,463.666
0.789852,-352.776
0.78988,790.202
0.790587,-1.29191
0.791472,-1676.45
0.791558,-273.364
0.791917,-3758
0.794081,507.814
0.79456,-1733.09
0.795324,-1222.12
0.796382,119.561
0.799077,1369.64
0.799131,271.008
0.799234,560.97
0.800187,-2137.72
0.801247,-855.831
0.801696,-993.307
0.801808,-1105.77
0.802941,940.763
0.805864,-1079.98
0.806993,278.537
0.808045,-1716.46
0.808353,-1245.41
0.808862,-864.297
0.809282,-256.618
0.81105,-1402.26
0.81162,53.4672
0.812103,-482.789
0.813143,65.652
0.814397,388.09
0.81656,1753.83
0.817106,-789.78
0.81774,59.5253
0.819298,-2091.44
0.820184,-1005.59
0.820225,140.393
0.820283,-1823.33
0.820784,-948.475
0.822476,1461.19
0.823974,-1425.45
0.824034,-1418.8
0.824092,-817.315
0.824517,506.228
0.824833,-1612.26
0.825433,1074.2
0.825564,462.797
0.825983,-313.98
0.826318,-1294.62
0.828562,-1798.13
0.830491,-896.351
0.83135,-1599.01
0.831731,-13.0219
0.831868,1663.71
0.832871,776.116
0.836236,-95.3424
0.838381,-1806.54
0.838472,1215.89
0.838821,-1002.16
0.839192,-1742.75
0.839652,1022.61
0.839689,607.497
0.841487,761.906
0.841586,-3162.46
0.842235,179.434
0.842506,-1135.38
0.842609,-668.489
0.843561,168.469
0.843667,728.397
0.844289,492.199
0.844603,-1039.62
0.844613,-97.5909
0.844703,-2293.66
0.846128,-69.2401
0.84851,-125.1
0.850034,-2.21294
0.852192,2825.96
0.852312,-311.595
0.852496,-1973.8
0.853387,-591.157
0.855387,-352.276
0.855709,-644.02
0.855986,-425.122
0.856117,162.188
0.856273,-216.68
0.857076,-1467.68
0.859468,-243.162
0.861347,-1875.76
0.861553,-1704.69
0.863501,-1235.25
0.864115,-222.381
0.864251,-491.928
0.864811,-357.112
0.865179,-2043.06
0.865635,184.237
0.865695,-942.742
0.866455,-75.1147
0.866866,-2675.86
0.870882,-685.957
0.871054,-2141.61
0.871127,-1455.7
0.871247,-2410.52
0.87141,13.7787
0.872549,455.554
0.875187,230.477
0.875575,-1182.94
0.875792,-656.282
0.877051,465.832
0.879441,794.332
0.881232,-770.797
0.883634,-138.977
0.884619,-723.387
0.885127,-1015.55
0.886911,-405.768
0.887854,-2035.75
0.888175,282.956
0.888309,-678.627
0.888747,-385.416
0.888755,-151.36
0.888815,301.077
0.88926,40.8896
0.889626,212.283
0.889632,-1431.05
0.890128,-320.543
0.891168,215.905
0.892723,-3174.5
0.893184,-1460.64
0.893524,428.215
0.893542,-664.871
0.893956,-990.171
0.894058,-899.82
0.896841,692.921
0.897091,-769.689
0.897334,-2518.42
0.899687,-1017.57
0.899771,231.625
0.900076,47.2407
0.901988,-1143.04
0.902773,-2537.07
0.902823,2142.69
0.904289,-1214.43
0.904878,-1234.63
0.906634,-475.403
0.908568,14.0982
0.910737,99.7099
0.911059,2446.59
0.911637,-55.4606
0.912238,-152.816
0.912353,-1086.47
0.912739,57.5863
0.912741,1140.52
0.912926,684.659
0.913307,190.538
0.913632,-2274.69
0.914088,1971.97
0.914229,751.192
0.914567,316.891
0.915579,-526.22
0.916535,682.839
0.916734,-1863.83
0.91681,-1262.89
0.917057,-747.167
0.917687,-343.386
0.921162,-1565
0.922399,343.761
0.922655,939.789
0.922728,-2628.91
0.924143,-493.963
0.924246,-401.301
0.924286,1234.33
0.924371,5.84627
0.924517,-2089.4
0.925109,-380.073
0.925341,-743.983
0.925515,-3570.83
0.92602,-1059.45
0.926529,1879.32
0.927169,-543.953
0.92836,-1133.13
0.928616,-883.162
0.930461,-625.902
0.930807,-1144.61
0.931352,1009.82
0.9326,-202.201
0.932694,-234.67
0.932741,-258.187
0.933357,1281.63
0.933621,-2288.43
0.934457,1335.59
0.935077,-414.04
0.936504,102.201
0.937358,-3674.96
0.937443,-206.011
0.93763,-342.4
0.937895,571.168
0.938708,632.039
0.940509,195.462
0.940568,-1284.32
0.94126,-458.407
0.941602,-616.319
0.942046,-366.703
0.942887,-613.028
0.94315,-365.433
0.943579,26.8162
0.944753,1466.28
0.944832,416.079
0.945974,-880.11
0.946127,-600.081
0.947157,-634.86
0.947259,-439.197
0.947516,-2204.7
0.948105,-199.136
0.948991,-932.959
0.949629,-2564.87
0.951077,-839.585
0.95183,67.6078
0.951965,-1107.88
0.952411,307.518
0.955638,-1073.03
0.955668,221.434
0.95639,-589.361
0.956616,9.61675
0.956994,150.131
0.958727,-928.545
0.961209,-1822.23
0.961236,37.787
0.961712,-681.701
0.962367,-322.406
0.962498,-978.62
0.962501,-1061.77
0.963944,-2201.07
0.964296,-1454.31
0.965064,3020.97
0.965661,-370.393
0.967655,-1168.64
0.970106,91.4738
0.970111,-1068.32
0.970785,-45.0682
0.973148,-1099.12
0.973742,404.001
0.975222,1793.79
0.975298,-475.401
0.975422,-81.3809
0.980484,310.297
0.980882,1717.34
0.982051,-643.951
0.982712,-1494.58
0.984492,-948.181
0.984819,-2111.03
0.984889,-2110.64
0.985988,-1060.47
0.986006,-346.411
0.986511,-665.335
0.991232,-391.111
0.992042,-1919.47
0.992253,-334.875
0.993369,-390.222
0.993885,-1651.09
0.994549,-1975.48
0.994686,28.7478
0.994988,-177.969
0.996366,1296.41
0.996757,-530.075
0.997219,-1267.24
0.997594,-2717.27
0.997991,418.9
0.998668,1805.75
1.00019,296.18
1.00229,217.057
1.0028,-22.3677
1.00301,-2080.41
1.00356,-930.37
1.00475,1177.3
1.00782,-4115.78
1.00982,-740.438
1.01286,-227.899
1.01321,-1155.32
1.01855,-1390.51
1.01885,-267.405
1.0202,-814.663
1.02092,857.718
1.02097,253.517
1.02208,-552.194
1.02299,-183.128
1.02343,-202.638
1.02444,-1775.64
1.02517,-1458.82
1.02616,473.358
1.02636,-342.085
1.02778,1244.91
1.03029,-396.706
1.03051,646.324
1.03213,1935.86
1.03269,140.24
1.03465,5.36172
1.03521,-1513.49
1.03758,80.1174
1.03773,-180.19
1.03814,-19.4993
1.03822,448.971
1.03957,-183.835
1.04034,-694.176
1.04074,-1009.42
1.04103,-715.601
1.04111,-717.143
1.04148,-499.692
1.04229,-1460.68
1.04324,221.497
1.04419,-465.658
1.04594,-316.147
1.04615,579.424
1.04848,-2041.06
1.04905,171.014
1.04906,-39.2821
1.05112,-1.98862
1.05207,-213.648
1.05288,-121.042
1.05686,-258.11
1.05773,-665.88
1.05881,196.21
1.05899,-586.048
1.05975,-1006.8
1.05997,461.401
1.06004,-1156.93
1.06168,1105.79
1.06189,1413.71
1.06268,1530.89
1.06366,-1191.03
1.0656,598.252
1.06583,-627.228
1.06671,160.96
1.06985,992.138
1.06992,188.411
1.07134,-298.731
1.07292,-597.683
1.07346,-1740.42
1.07462,122.202
1.07644,-55.7123
1.077,442.631
1.07742,-216.139
1.07814,-746.169
1.08463,-5.66517
1.08715,-1208.64
1.08813,-356.246
1.0883,214.937
1.08874,-99.9695
1.08904,-1207.25
1.09224,-2433.62
1.0931,-1120.03
1.09423,267.701
1.0943,-697.538
1.09444,377.602
1.09553,-887.337
1.09723,-317.456
1.09854,-848.976
1.09936,-1423.44
1.09954,1659.72
1.10032,-1868.5
1.10107,-170.599
1.10248,-2265.44
1.10338,577.835
1.1057,128.957
1.10891,-306.372
1.10934,-2110.67
1.10992,15.7625
1.11048,-398.234
1.11162,-3328.13
1.11379,1627.52
1.11459,-2392.27
1.11626,-814.116
1.11639,-751.667
1.11685,-280.718
1.11793,-1242.24
1.11886,2210.04
1.11963,-2281.57
1.12103,-901.587
1.12209,101.573
1.12245,-377.661
1.1236,1603.57
1.12928,1099.31
1.12993,807.687
1.12999,902.685
1.13002,-2205.72
1.13117,-1732.41
1.13128,894.458
1.13211,460.931
1.13296,21.6077
1.13389,-1042.57
1.13414,351.501
1.13446,-2726.14
1.13483,21.3283
1.13683,-991.828
1.13718,-1281.89
1.13842,-3364.62
1.14045,-2952.78
1.14166,41.6109
1.14219,791.052
1.15246,-689.661
1.1541,1632.58
1.15501,-443.024
1.15788,-1090.1
1.15804,-661.309
1.15821,-476.742
1.16535,-242.84
1.16557,-39.2063
1.16629,-425.252
1.16709,77.9602
1.17027,-1700.78
1.17191,-3188.58
1.17493,1284.98
1.17569,-706.021
1.1779,-351.258
1.17864,-2027.58
1.17944,-251.672
1.18075,-825.827
1.18134,175.175
1.18137,612.525
1.18393,1160.8
1.18523,-1499.57
1.18841,-9.71704
1.19071,1314.04
1.19077,2111.69
1.1915,-4571.37
1.19269,244.975
1.19384,2373.2
1.19404,893.056
1.19528,-38.5852
1.19639,-1413.46
1.19731,-1021.04
1.19872,148.685
1.19891,-726.159
1.19895,-1077.16
1.20066,-892.308
1.2011,-185.167
1.20123,-2549.67
1.20459,-89.2949
1.20587,-2551.53
1.20851,-1423.51
1.21114,-783.588
1.21273,-750.421
1.21433,13.427
1.21573,1069.46
1.21631,-1237.59
1.21733,-191.923
1.21744,-3187.34
1.22005,-4397.65
1.22051,441.677
1.221,396.86
1.22552,-596.835
1.22866,392.11
1.22931,-820.211
1.2301,-2388.93
1.23015,-754.304
1.23091,954.537
1.23245,-484.566
1.23285,242.838
1.23349,-1001.23
1.23353,1490.67
1.23533,-668.15
1.23638,-194.097
1.23669,2513.32
1.23817,-1302.05
1.23958,-451.302
1.23987,-69.1004
1.24212,-846.866
1.24273,-1616.91
1.24396,-3456.44
1.24541,-853.828
1.25012,286.207
1.25061,332.386
1.25619,1131.6
1.25867,1894.15
1.26293,68.9278
1.26484,-1285.72
1.27107,-420.285
1.27183,105.274
1.27295,158.466
1.27433,-1288.32
1.27612,127.155
1.27636,-3800.51
1.27853,-1417.59
1.27885,-495.844
1.28245,1705.41
1.28277,-1070.03
1.28449,-128.8
1.28564,1007.83
1.28902,-2698.24
1.29125,-1405.62
1.29259,1220.05
1.29586,277.825
1.29644,-1041.59
1.29723,-1046.65
1.29774,358.494
1.29944,-819.941
1.30077,-1727.06
1.30237,585.186
1.30536,-2152.21
1.30592,62.7194
1.31034,229.18
1.31043,-707.166
1.3114,246.984
1.31356,1392.65
1.31685,-523.145
1.31719,416.67
1.31884,-179.63
1.321,-3478.81
1.32135,-921.408
1.32517,760.665
1.32639,-40.3697
1.33024,-41.4418
1.33166,-624.769
1.33297,-1579.32
1.33371,492.169
1.34341,-627.867
1.34431,-1566.87
1.34591,-3928.95
1.35126,149.594
1.35134,-393.432
1.35573,-1977.68
1.35789,429.386
1.36189,453.427
1.3639,-882.388
1.36402,-283.949
1.36508,-119.757
1.36746,-317.28
1.36863,97.253
1.37304,-3207.28
1.37533,593.633
1.37772,318.239
1.3788,2469.62
1.37968,-609.775
1.38408,-4486.99
1.38437,-420.647
1.38591,-1929.72
1.38884,677.39
1.3894,-1415.26
1.38962,-1937.25
1.39379,525.982
1.39424,-99.1539
1.39549,1091.73
1.39601,-875.723
1.39702,-144.304
1.3976,-1130.72
1.39771,-423.376
1.3978,-1577.92
1.39786,-910.905
1.40302,1486.32
1.40331,-65.2094
1.40363,217.192
1.40416,775.445
1.40422,-198.388
1.40546,-1147.59
1.40562,910.291
1.40679,-2585.01
1.40754,-611.221
1.40759,2477.16
1.40965,-713.214
1.41297,-716.208
1.41426,-1256.64
1.4152,93.3784
1.41723,-877.127
1.41968,-39.8692
1.42568,102.452
1.43411,628.477
1.43593,-2308.09
1.43969,859.531
1.44506,-230.397
1.44623,-1798.33
1.44746,107.862
1.45052,-1217.33
1.45243,-336.638
1.45414,-601.113
1.45509,-597.49
1.45768,141
1.45865,-1205.57
1.46017,35.2613
1.46144,-202.066
1.4648,-1968.99
1.4652,-653.286
1.47134,-88.9004
1.47287,-588.848
1.47769,1061.07
1.47905,-311.675
1.48074,-87.2751
1.48319,1.34102
1.48488,-1056.72
1.48504,-527.755
1.48641,-543.258
1.48803,358.537
1.49057,-817.891
1.49902,-750.758
1.50004,-606.528
1.50056,-1677.75
1.50303,-1543.13
1.50452,-592.626
1.5049,-686.057
1.50725,1172.5
1.50772,-1164.44
1.50862,-383.016
1.51855,-240.486
1.51896,-785.547
1.52368,139.642
1.52715,-578.955
1.5285,1740.51
1.52901,1067.45
1.53172,94.2297
1.53181,640.115
1.53475,-228.664
1.54129,203.979
1.54359,868.683
1.54428,-1383.7
1.54535,-691.903
1.5456,1768.22
1.54852,-929.605
1.54898,-2375.22
1.55189,241.017
1.55569,-630.897
1.55791,2889.71
1.55962,-1723.74
1.56658,645.787
1.56798,-349.321
1.5697,-607.474
1.57006,-1602.35
1.57025,-2828.74
1.57084,882.787
1.57108,-827.216
1.57304,1.80235
1.58503,-704.465
1.58742,104.869
1.58892,-2100.86
1.59287,-915.925
1.59349,-816.586
1.59902,-1157.26
1.59916,2692.88
1.59944,-1297.27
1.60301,-1448.29
1.60307,-2103.25
1.6036,111.014
1.61108,2934.35
1.61804,638.998
1.61972,1444.94
1.62053,846.946
1.62233,-800.62
1.62302,2565.13
1.62687,203.784
1.62867,-99.3875
1.63061,1305.21
1.63413,510.245
1.64059,1523.46
1.64085,-72.4651
1.64153,-1385.68
1.6418,17.4046
1.6427,623.72
1.64485,-778.137
1.65114,207.075
1.65518,-627.886
1.65633,1291.11
1.65775,-93.3407
1.66012,787.06
1.66444,-1829.89
1.66473,-702.782
1.6658,910.613
1.66628,367.576
1.67938,-1104
1.68022,-867.664
1.6811,-589.485
1.68138,150.165
1.68215,-1088.47
1.6856,810.993
1.69333,591.203
1.69559,2061.25
1.70129,-70.8841
1.7044,-1170.05
1.70606,1705.53
1.71417,342.923
1.71486,-2080.14
1.71522,-1528.7
1.71563,208.733
1.71791,-1128.31
1.71857,-1783.74
1.72056,834.769
1.72212,902.889
1.7237,-1595.54
1.72848,737.401
1.72996,-2105.63
1.74543,-856.592
1.74596,817.92
1.74955,-1052.71
1.7585,1196.97
1.76388,2244.57
1.76391,-209.387
1.7655,794.392
1.77647,563.563
1.7874,-146.555
1.78741,2214.13
1.78869,509.929
1.78974,-762.355
1.78999,320.374
1.79039,-1150.29
1.80679,-241.834
1.8079,-1660.4
1.81667,-1313.1
1.82095,-1398.18
1.82263,-776.538
1.82506,-643.535
1.82604,-626.54
1.83099,78.9277
1.83299,-200.894
1.83349,-293.4
1.83594,-646.181
1.84387,1242.82
1.84462,-2146.63
1.84492,1151.42
1.84777,-81.4979
1.84906,-213.536
1.85296,-331.006
1.85914,-1494.27
1.85971,-394.817
1.86055,-527.599
1.86263,1970.61
1.86473,607.132
1.86482,630.698
1.87647,25.3312
1.88349,1309.45
1.89441,-1869.18
1.89856,-706.038
1.91484,-2046.08
1.9201,629.356
1.92259,-671.13
1.92402,-202.491
1.92561,-523.794
1.92875,-276.903
1.92878,-148.674
1.93121,903.226
1.93604,623.278
1.9385,-352.749
1.94682,459.161
1.95083,199.315
1.95103,2240.25
1.952,1039.84
1.95396,-3348.26
1.95851,-1259.84
1.95951,-2102.63
1.96683,-2317.25
1.96958,490.94
1.97834,-3925.28
1.98362,-529.052
1.98536,888.429
1.99754,-14.7421
1.99865,-690.851
1.99946,-1302.55
2.00021,2113.92
2.0076,-60.2288
2.01285,429.978
2.01392,1491.55
2.01436,-452.515
2.01605,-525.682
2.01719,-136.187
2.01887,-857.445
2.03144,1339.81
2.03588,712.567
2.04481,-912.177
2.05514,-130.208
2.0566,1759.14
2.05679,418.343
2.05903,1101.32
2.05921,1070.62
2.06207,-1256.95
2.06372,-488.191
2.06459,337.62
2.07568,1307.64
2.08001,989.541
2.08081,-419.711
2.08161,-1051.54
2.08256,433.48
2.0847,-392.837
2.0876,543.86
2.09113,-1391.7
2.09229,185.051
2.09231,851.342
2.09303,721.736
2.09445,-584.143
2.09814,-7.70537
2.09887,-1262.49
2.1061,-710.234
2.10704,8.15298
2.10782,383.119
2.11243,249.927
2.11808,-694.195
2.12015,-899.762
2.1217,-496.903
2.12617,338.723
2.12818,-1858.56
2.12957,84.6517
2.13347,-284.265
2.13661,-1497.84
2.14438,896.532
2.14448,-2145.58
2.14793,1083.66
2.15099,-810.007
2.17137,-68.5876
2.18571,585.455
2.18864,-1377.54
2.19389,32.0874
2.20581,144.147
2.20927,-225.365
2.21691,-1977.2
2.22552,-2404.49
2.23109,-2595.44
2.23338,-525.528
2.23722,-443.735
2.24228,-146.928
2.2423,839.785
2.2537,377.442
2.2737,-802.367
2.27374,218.358
2.30561,-1283.78
2.30662,-349.897
2.31663,-1399.32
2.32204,-2122.45
2.32253,-279.343
2.32471,181.986
2.34839,-891.335
2.35907,-992.946
2.36394,-709.361
2.39061,-1406.95
2.39465,843.223
2.39686,1150.77
2.40762,404.289
2.41131,577.126
2.4124,310.53
2.41715,-141.347
2.41784,2877.23
2.41991,401.181
2.42005,737.623
2.42528,-434.968
2.43211,-505.765
2.43453,-2180.52
2.47608,-1727.06
2.48304,-589.744
2.48771,-862.948
2.4966,748.91
2.51047,604.596
2.5145,767.938
2.5168,627.372
2.53893,1619.36
2.54795,-165.662
2.55295,-764.296
2.56735,-2133.69
2.5689,-3206.58
2.57603,21.2763
2.60112,-251.174
2.6078,-2365.82
2.61286,-74.7686
2.61845,-519.98
2.62483,2050.29
2.62904,-603.018
2.62931,1840.92
2.64057,-211.07
2.64258,565.231
2.64464,-2111.86
2.65618,-2418.84
2.65849,-2647.96
2.66492,-3835.21
2.6902,-1186.79
2.69461,-1051.57
2.71155,461.226
2.72222,-347.487
2.7316,-1547.33
2.75407,-1386.42
2.7904,-675.101
2.80967,-528.993
2.81559,-1397.96
2.81795,-950.486
2.82633,1150.61
2.83089,-79.377
2.85874,529.216
2.85991,470.784
2.86541,-287.155
2.88637,224.769
2.89242,-1898.53
2.92791,-1177.47
2.96216,-914.354
3.00014,-147.408
3.00076,349.571
3.03396,-1618.47
3.08414,1421.03
3.10796,409.813
3.13801,383.837
3.13912,321.004
3.14819,-2143.44
3.14958,-809.788
3.15704,690.736
3.16991,-1467.28
3.20166,-1661.63
3.21629,-410.736
3.29112,410.532
3.29264,-1219.26
3.32614,-2417.36
3.34241,-309.367
3.35121,-415.093
3.41549,-3901.27
3.45404,1050.94
3.46609,-1345.16
3.46988,-1174.96
3.5382,-144.583
3.55194,939.234
3.56487,316.35
3.65629,-1672.73
3.67284,-138.494
3.67446,-764.025
3.71203,-1610.64
3.79097,482.218
3.88476,-891.386
3.97269,-33.544
4.00416,733.564
4.03835,519.765
4.16468,429.127
4.2463,2687.38
4.2492,-11.0079
4.25889,-1029.49
4.33808,-59.0179
4.46359,450.084
4.69894,-181.558
4.88619,-1128.6
4.91207,-677.129
5.08449,1056.88
8.01671,133.927
