Pressure
0.913428
0.278758
0.480016
1.00617
0.911668
1.19591
1.55299
0.405918
0.508619
0.885118
0.373667
0.638657
0.472685
0.323993
0.222832
2.76863
0.51945
1.70618
0.467128
0.25168
0.234504
0.332836
1.11743
0.385288
2.28534
0.811583
0.318606
2.62987
0.321328
0.810424
0.499211
0.63656
1.16239
3.9318
0.817338
1.28546
2.47145
0.98456
0.780339
0.896848
1.71447
1.1883
0.274137
0.539687
0.193029
0.269855
4.38321
0.654124
0.87729
1.54435
6.58263
0.429595
0.739346
0.641367
0.391923
0.259258
0.787397
0.252096
0.936986
0.116173
0.59156
1.73545
1.56853
0.662535
0.335801
2.10489
0.635163
3.91133
0.267558
1.68608
0.111339
0.360405
1.05878
0.716825
0.0613787
0.628725
1.64277
1.19259
1.02881
0.167966
0.189512
0.60093
1.40115
1.75873
1.12897
0.69662
1.87294
1.03539
0.18978
2.07638
1.81212
0.272019
0.206636
2.42717
0.945892
0.695892
0.455897
0.925496
1.35074
0.778063
0.242383
0.140067
0.538064
0.824114
2.03101
4.45925
0.909371
1.22097
0.233501
1.11779
0.355824
0.47063
0.819207
0.431235
4.44462
0.741064
0.333318
0.467327
1.57606
0.926179
1.33048
0.906544
0.431884
2.83343
0.523619
0.859704
0.326545
1.60555
5.26451
1.19734
0.999371
1.61527
0.289594
0.108015
0.243725
0.103755
1.86533
0.00799305
0.574486
0.42099
0.785316
0.59986
0.841331
0.319397
0.657497
0.381598
1.14975
0.306031
0.16582
0.392881
2.07748
0.243801
1.51342
0.651989
1.31574
0.402115
2.2574
0.592516
0.471526
0.516324
0.983115
0.926413
0.149624
0.518387
1.05141
0.567876
2.38048
0.894393
0
2.25249
0.465394
1.66106
1.57038
0.340531
4.83174
1.23981
0.697631
1.53453
1.52018
0.391009
5.53118
1.49025
0.0986657
1.20467
2.64296
0.436939
0.468136
1.33005
0.265385
0.16255
1.0818
0.290321
0.364058
0.421721
0.442424
0.852238
2.48032
0.500809
0.588985
0.443008
0.248476
0.131507
0.625268
0.297261
1.60028
0.311519
0.26086
2.46174
3.26423
2.62739
1.27539
0.133584
1.14535
1.234
1.78679
1.12907
0.374327
0.819808
4.20449
0.33898
0.283855
0.253961
1.93115
1.11024
1.29605
0.345004
1.22019
0.896586
0.436988
2.47605
0.505265
0.470594
0.356597
0.579444
2.10191
0.923715
0.195734
0.0849747
0.368261
0.3082
0.502366
1.00405
0.279335
0.164531
1.7179
1.07042
0
0.127281
2.1746
0.0353232
1.78904
0.286648
0.919313
1.59776
0.91504
2.28438
1.79015
2.69891
0.881083
1.41303
0.615375
0.953986
0.410308
0.295419
0.265934
4.70498
0.636737
0.686002
1.42659
0.417608
0.969873
0.903348
1.56824
1.26758
0.104834
0.548128
0.260166
0.722584
3.20912
0.631746
0.345359
0.22458
0.941317
0.627182
0.728081
0.455966
3.38419
0.951645
1.87252
1.21392
1.05347
0.986847
1.26675
1.36434
0.194172
0.582714
0.191728
1.22096
0.188844
0.61583
0.378963
0.358091
0.141151
4.43206
0.948078
0.883077
0.480921
0.982059
2.04742
1.04688
1.81124
0.847326
0.285074
0.546083
0.99434
1.42159
0.223439
0.24563
1.2934
0.740962
0.678399
1.64204
0.752772
2.03173
0.503291
1.04837
1.07463
0.697133
0.421604
1.74155
1.05154
0.634672
0.612093
2.67907
0.985741
1.10883
1.45294
0.688995
0.68346
2.41828
1.77823
0.124563
1.38871
1.24384
0.963488
0.254437
0.835729
0.253184
0.297792
0.882743
1.40294
0.338035
0.95495
0.814588
1.20726
0.428753
0.618196
0.441996
1.91161
0.663653
0.457697
0.406628
1.19486
2.15881
1.439
4.94985
0.325717
0.556678
2.55393
2.41552
1.43382
0.61774
0.394644
0.2268
0.687334
0.511334
1.0012
3.27224
4.36829
0.667306
6.75178
0.332942
1.0319
1.07977
0.424256
3.04789
1.17933
1.27877
1.20179
1.08004
0.957368
0.763465
2.02346
0.294306
0.448235
0.223758
0.76882
0.994911
0.624237
1.78089
2.4101
0.481501
1.30864
0.970347
0.250324
0.0538888
0.582019
1.23567
0.997742
2.61819
0.630857
1.7882
3.05322
1.1768
1.23939
1.32659
1.0975
2.6365
1.5548
1.20923
1.0439
0.597708
1.97006
1.30035
0.28341
1.31039
0.206313
1.70109
1.96589
1.8376
0.808609
0.942922
0.23231
0.808804
0.357427
0.803289
0.763883
1.05674
4.35535
0.346403
0.480176
0.620052
1.35836
1.78621
0.392927
2.93904
4.9083
0.223048
0.211925
0.308034
0.79141
1.09215
4.48819
0.488061
1.16149
0.403125
0.0711301
3.91027
0.707799
2.62938
0.831036
1.13857
0.297694
0.160445
1.72974
4.88636
0.448959
1.18203
2.03211
0.729132
0.0596494
0.302943
8.85548
1.2478
0.846197
0.69826
0.728589
0.93437
0.189858
0.611758
1.49148
1.38117
0.629327
0.751732
0.810038
0.0944622
0.426589
1.02618
0.83206
0.617533
0.361263
2.11557
2.11992
0.431165
0.59638
0.363644
2.20711
0.432775
2.63851
0.567615
1.27853
1.08033
0.56693
0.58302
1.81983
5.32995
1.35845
0.157134
1.38734
1.12103
1.20217
0.462373
0.968616
1.14268
0.480368
1.81171
1.1812
0.949875
0.94231
0.501709
0.281608
1.36901
3.21148
1.45795
0.33311
0.211197
1.91126
0.574276
1.06318
0.733141
1.75706
0.321194
0.212107
0.950307
0.419256
2.14425
1.74578
1.00398
2.75498
0.704596
0.703762
0.226363
0.863616
0.859187
0.824934
0.496208
0.784479
2.11753
0.650425
5.08822
2.70644
0.825414
0.512104
0.500978
0.635569
2.4213
0.801215
0.686484
2.77042
2.30771
1.40867
0.350796
0.272203
1.64068
2.41486
0.156723
1.12868
1.17762
1.03683
3.38074
0.658782
2.47574
0.739742
0.251682
1.40372
1.42032
0.54246
0.943967
0.585278
0.302855
0.993322
0.632124
1.28856
0.489662
1.2143
1.249
2.65658
0.454966
0.582577
0.569933
2.53818
0.362996
1.11746
2.72539
0.0983569
0.591359
1.43815
0.94411
2.26166
3.09181
1.08407
1.17789
1.93498
0.782516
0.331245
1.29002
0.00839899
0.282599
0.259875
0.491692
1.67983
3.16499
0.842724
1.11264
0.530529
1.93841
1.09915
0.145542
0.927932
0.550318
0.0965389
0
0.457492
2.09429
0.259187
5.65209
0.40922
0.910259
1.72703
0.330847
0.64877
0.164703
0.211594
0.670318
1.85174
0.666013
0.379438
0.352041
0.971897
1.60842
0.199169
0.750791
0.641602
0.704988
2.10515
0.1983
0.468888
1.3041
1.99321
3.80676
0.362776
0.33089
0.185424
0.306837
0.724108
1.09953
1.77166
0.795591
1.81558
0.956441
1.3679
0.296879
1.11203
0.423271
0.771127
0.822746
0.906578
2.14284
0.242139
1.93446
0.895382
1.29408
0.258124
0.385285
0.82978
1.94981
0.821167
2.82937
1.76434
2.17348
0.242284
0.504324
0.717053
1.55478
0.395144
0.606578
0.848589
0.460164
1.01523
0.842153
0.283177
0.139782
3.22165
0.707011
1.22796
1.13193
1.6051
1.6703
4.41371
3.33696
0.418182
1.43171
1.11342
0.577436
3.36835
0.279974
0.480804
2.12581
2.99452
0.0420318
0.940971
1.82294
1.46007
0.665023
0.0743446
1.09835
0.717443
1.56386
2.46109
0.705478
1.22521
0.462284
0.0908854
0.813907
0.603894
1.07478
0.797887
0.530969
2.8568
2.03418
0.675708
0.668255
0.472898
2.32186
0.442814
4.6353
1.53169
0.927542
0.740416
0.342072
0.234758
0.33066
1.40781
0.861243
1.0963
0.24675
1.64635
1.73995
0.682328
2.93956
1.3639
0.883793
0.0200519
0.446362
1.72418
0.292184
0.803098
