Pressure
1.51128
1.01783
0.56508
2.41015
0.173953
1.12289
0.690756
1.80559
0.837816
0.762508
1.06506
2.75511
0.185875
3.24635
4.1944
1.67964
1.00189
0.903445
0.663257
0.743211
0.60688
0.259366
0.553066
0.313243
2.3486
1.02288
1.33998
0.333116
0.523886
0.627406
2.65575
2.88025
0.444264
0.283248
0.633166
0.0622197
0.0663034
0.461418
0.213674
1.78487
0.848339
1.15795
0.326787
0.362592
0.519579
2.36113
2.14569
2.47557
0
0.586511
2.90565
1.16994
4.69706
0.045933
0.521616
0.0495832
0.778585
0.714101
0.812414
0.101299
0.799864
0.630173
1.80497
0.368741
1.857
0.333887
0.663116
0.37017
1.92119
0.531347
0.442652
0.631179
0.33087
0.515505
0.732576
1.27472
0.43717
3.46462
2.43874
0.937358
0.434905
0.629362
4.008
0.947567
0.131301
1.43569
0.605123
0.690094
0.728897
1.13435
0.492711
0.470862
0.540678
0.569334
0.323154
0.200649
0.52465
1.88293
2.36529
1.33494
0.866033
0.365802
2.15589
1.3569
1.72532
1.84088
0.685081
2.34285
0.655616
0.328596
3.78086
0.52509
0.897888
0.368541
1.32858
0.486145
2.65625
2.79922
0.752264
0.566484
0.674762
1.84326
0.797942
1.21839
0.837433
0.533241
0.644318
0.815633
0.918772
0.874357
0.829892
2.98876
0.976888
0.350439
0.0888383
3.3487
0.180529
0.197959
2.28054
4.0153
0.0839614
0.90887
0.234719
0.504809
0.237406
1.05132
0.323068
1.02611
1.91672
1.41111
0.773474
2.49564
1.26299
0.88424
4.00299
2.98071
0.329037
0.274569
1.50133
0.364334
0.765728
0.211837
6.62472
1.22535
8.47629
0.985607
1.59375
1.65754
1.76629
1.18562
0.128214
0.512285
0.44541
0.137399
1.29781
1.31608
0.699378
0.00624035
1.13108
0.908879
1.23507
0.174484
0.901537
0.36357
1.16661
0.324628
0.954621
0.936269
0.0920272
0.681701
1.01462
0.866717
0.647782
0.420457
0.731758
1.36068
0.247145
1.82383
0.452411
1.50691
1.23104
1.40504
1.51612
0.45076
1.16301
0.431352
1.02616
1.04002
0.550842
0.439387
0.58089
0.366572
0.340194
1.01956
0.49112
0.609743
1.51522
0.67373
0.559606
0.834469
0.705165
1.83155
1.186
1.38329
1.23461
0.753638
1.91877
1.2685
0.133001
0.0429431
2.00431
0.605264
0.759086
0.188542
0.322255
0.638001
0.214984
0.726716
4.46254
1.1798
0.365759
1.33652
1.30429
0.999633
0.758017
3.26068
0.764816
0.877661
1.92756
1.26193
1.22293
1.02516
4.04235
0.489677
1.82741
1.8763
0.319235
4.3258
0.416995
0.20934
0.913715
0.330797
0.431425
0.329341
1.47631
3.52702
1.08869
1.41471
0.323403
0.968724
0.72151
1.80297
0.36218
3.57773
