Pressure
0.252141
0.832448
1.22325
0.561988
1.15026
0.544739
1.17244
1.41007
0.189989
1.40564
1.41636
1.75473
0.422359
1.88624
0.958465
1.71971
0.519306
0.926023
2.95506
0.504359
0.358129
0.261269
0.657232
1.06007
1.1727
0.21032
1.94215
0.723766
0.8865
0.280886
0.112505
0.592087
1.38848
0.722009
0.350741
1.47611
0.314697
0.335805
0.247265
0.817561
0.23358
2.23121
3.12001
0.232846
0.935876
1.73732
2.4655
3.04384
1.60767
0.545311
2.95391
1.15993
1.78716
2.0365
1.50061
1.40487
0.758441
0.54854
3.72598
3.47505
5.91511
0.562872
1.07269
2.4234
1.04872
0.579425
0.702852
0.644937
1.71084
6.20785
0.947631
1.32361
0.145488
0.592501
1.61339
3.96365
0.895728
2.15605
0.535726
1.98295
1.02044
1.03702
2.3703
2.1311
6.25712
0.701621
2.87581
0.179561
0.705245
0.37336
0.847989
4.40855
2.03912
1.10945
1.75163
1.00617
0.622779
0.790311
3.7368
2.65454
2.44657
1.45212
1.56254
2.0836
0.41418
0.70395
2.29672
2.4179
2.74953
2.24899
1.89097
0.296106
1.14266
0.560821
0.783879
1.05739
1.13958
0.653773
2.30635
0.447255
0.234189
0.754536
0.357703
1.202
1.67936
4.37455
1.25889
0.743965
0.418782
1.66492
1.59975
0.67403
1.27623
0.207482
1.24434
1.55865
1.54366
0.926678
1.84642
0.340945
0.808925
0.93653
0.622003
0.324373
1.82134
0.478182
2.41168
2.65146
0.799523
4.5205
0.0454244
0.898681
0.239833
0.635519
1.07033
0.25477
2.42153
0.489759
1.2305
6.44946
1.49112
0.794742
3.5144
0.628239
1.01293
3.92006
0.963656
1.20518
2.95654
2.01466
3.70456
0.703209
0.663415
1.39055
0.479259
1.09765
0.231511
0.770542
1.45286
0.803575
0.83891
3.18431
0.561602
1.29934
0.535436
0.555794
0.682632
1.50024
0.810061
0.704475
0.797578
4.23943
3.28057
0.729755
0.711287
0.191167
0.979703
2.68555
0.810343
0.513157
0.952867
0.145222
0.736094
0.983472
0.595358
1.48579
0.263564
0.420977
0.403385
0.255669
0.739214
0.479116
1.21222
1.90934
0.778589
0.965666
3.00629
0.544253
0.212641
1.85128
0.483578
1.53382
0.623904
0.924186
0.206759
1.8515
0.987958
0.811991
0.661474
0.350805
0.751585
3.12188
1.23463
0.521759
2.42608
1.93372
0.0415291
1.16994
0.353531
0.387568
