Pressure
0.548697
3.9439
0.634954
0.936804
1.03175
0.396699
0.34059
1.2483
1.07396
0.578746
0.15688
1.53267
1.2923
0.735808
1.06459
3.26241
0.67815
0.416335
1.85769
0.384632
0.268191
0.159527
1.08953
0.988512
2.4814
0.214643
0.779506
0.11767
2.63471
0.586448
0.99171
0.825216
2.0433
0.511917
0.318132
3.16528
0.549011
4.64944
1.70614
1.17807
3.12604
2.3734
0.113975
2.34665
0.787408
1.68441
1.36247
0.638866
0.853916
1.37022
0.451973
3.11021
2.17981
0.213428
1.67021
0.64083
2.25034
0.68122
2.10433
0.76673
1.13335
3.29071
0.324733
1.35263
1.32176
0.323483
0.202357
0.336768
2.67923
0.131222
0.332531
0.655576
0.942527
0.672608
3.57875
1.74358
1.44778
1.31333
0.261844
1.26338
0.760512
0.701722
0.705086
0.54198
0.6229
0.344498
0.940977
2.33994
0.549072
1.31235
0.979925
0.625726
0.0429274
0.946746
0.719679
1.11909
0.156691
1.11433
1.63401
2.01588
0.427046
1.16661
0.292303
0.172609
1.81444
0.815769
0.781666
0.348327
1.41934
0.500205
0.717611
1.56372
1.14796
0.177497
0.999137
1.77152
0.964879
1.15029
2.60864
0.483541
0.58165
1.80411
0.486916
0.184151
0.751147
1.46637
1.97801
0.356709
0.630797
0.425839
0.0135518
0.788465
1.62611
1.11105
0.351224
0.729632
2.42093
1.55231
1.77776
0.794664
0.367557
0.201362
1.02712
1.03269
3.15509
1.63189
0.865379
0.787324
0.319366
2.85841
0.768483
0.331963
0.46968
2.23459
0.830025
0.756218
0.595232
0.408726
1.28005
0.0803869
0.927963
1.08365
5.89894
0.23863
1.22497
0.692653
0.999254
0.0269993
4.12669
0.0409418
0.575311
0.0540445
0.644093
0.379449
0.822704
3.73333
3.54692
0.279748
0.512685
2.15861
0.773536
1.84802
0.736411
0.46248
0.879611
0.909985
0.834797
0.510367
1.76919
0.294856
0.130679
1.58043
3.33951
0.517564
0.50076
0.858592
1.0655
0.582541
0.775353
4.00518
0.735227
4.55835
0.989955
0.204039
0.667882
1.34683
0.330578
1.59646
1.73108
0.898909
3.93571
0.880513
