Pressure
2.34975
0.75487
0.922445
1.14704
0.987477
1.13389
0.751079
3.37654
0.00853457
0.789309
1.8041
1.19928
0.156429
0.720215
0.97492
0.65797
0.722509
0.529634
0.356969
0.631168
0.816023
0.541128
0.370561
0.683273
2.31226
0.228073
1.32868
0.382972
0.271895
0.615746
0.36207
0.912691
0.34653
0.506112
0.291738
0.514997
0.788543
0.826401
1.26044
0.580383
1.25932
0.57118
1.18588
0.763238
0.152947
1.07795
0.485806
0.486805
1.03975
0.523775
1.03082
0.677412
1.25091
0.31104
0.175156
0.767428
0.457918
2.52688
1.20139
1.20979
1.63726
0.591246
0.635179
0.822452
1.17134
1.06639
1.16658
0.335263
0.515575
0.735775
1.56963
0.371375
0.390033
0.289931
0.528807
0.0257339
4.91905
0.527888
1.23665
0.195757
0.341416
0.411884
1.35167
1.91101
1.48636
9.36732
1.48115
0.103113
1.26934
1.51923
1.57482
2.5465
1.31809
0.641899
11.58
0.748726
6.64594
1.3074
2.27326
0.389663
0.602577
0.938724
0.50866
0.981264
0.353072
1.0051
0.584748
2.19793
0.411203
0.940862
2.1249
1.41567
1.10898
0.981049
0.86928
0.450324
0.692854
0.00832827
0.553184
2.34869
0.932876
5.59445
1.73242
0.548808
0.292195
0.424346
1.69327
0.81317
1.04029
0.729807
0.420994
0.318551
1.43108
0.453586
0.383917
1.38714
0.782109
1.25621
0
1.45812
5.8875
0.764618
1.73452
3.15443
0.641814
1.17746
4.41046
0.285101
0.857962
0.672549
0.249303
0.486531
0.846082
0.391339
1.27214
1.08147
0.39638
1.19382
2.01688
0.542907
0.353693
0.820465
2.60342
2.98089
0.329866
7.65171
1.47133
0.565636
1.02702
0.996447
1.80334
0.483997
0.986319
4.75649
1.10581
2.63582
2.14346
1.55481
0.448799
1.19701
0.588305
0.169645
0.164379
1.44069
0.359383
0.464023
1.50628
5.99906
3.81855
0.622571
0.273037
1.54863
0.979682
0.127392
6.01589
1.2145
5.00619
0.81173
0.66132
0.560709
0.465766
1.83238
1.57741
0.916673
0.55583
5.40114
0.41673
2.19061
1.25524
0.190278
1.03994
2.24385
0.659079
0.843446
2.67854
0.50005
0.657953
0.996761
1.16588
2.2857
2.43924
2.68842
1.17692
0.495057
3.41716
4.04517
0.232027
0.341351
1.27007
2.1487
1.41137
0.576998
2.08216
1.66323
0.553238
3.04246
2.47053
2.70266
3.20047
0.541357
0.213459
1.23448
2.28078
0.3888
1.43508
0.235791
5.46945
1.7281
2.80277
0.12193
0.546577
2.91177
1.17193
3.13396
0.683071
1.05579
0.501221
1.53939
0.242818
0.553983
0.657378
2.03672
1.37961
1.18929
0.462498
3.13875
1.29187
1.05723
0.533353
2.68873
1.79154
0.819549
0.930362
1.8368
1.55357
0.262034
1.01252
1.49773
0.78412
0.179205
0.296576
1.97379
0.892756
0.836867
0.189259
2.96183
1.52584
1.61876
2.59957
0.826249
0.418867
1.6093
1.83882
1.67138
2.16777
2.45576
0.516656
0.8168
0.401277
0.284376
0.826151
2.2818
0.794911
0.969161
0.373265
0.626655
0.472281
1.01533
1.16493
0.605012
1.20376
0.881191
0.550222
1.23987
1.35529
1.04615
0.375693
0.444143
2.46725
1.6417
0.740632
0.177934
2.93831
0.0317683
0.780124
0.814665
0.255535
2.50875
1.32876
1.16931
0.200713
0.318895
0.401028
0.185376
0.774973
2.42503
0.475181
1.1504
0.819218
0.579703
3.85487
1.84373
0.200425
2.25322
0.689821
1.79655
1.04604
1.36371
0.916047
0.541818
1.04193
0.484867
0.141592
0.925096
0.761876
0.745984
0.937726
0.443666
1.66634
1.61207
0.882438
0.347116
2.1021
0.350183
3.82918
0.40043
0.507832
4.42707
1.40748
1.22907
1.69281
0.630323
1.61055
1.77045
0.524444
1.85563
1.1061
0.724126
3.20764
3.6225
0.66925
0.908228
0.591717
0.357317
0.956158
0.61319
1.23533
0.692907
1.19868
1.01668
0.469595
0.0304011
0.57688
0.54595
0.570053
1.26618
2.87206
1.22769
1.11906
3.3382
0.093283
0.114799
0.742711
1.72993
0.850351
0.675343
0.125806
0.883019
0.926483
1.43509
0.435235
0.986294
1.90191
0.32081
1.13437
0.311041
2.43702
0.704097
1.15289
0.245195
0.673954
0.258464
1.57762
3.45804
0.34354
0.339703
1.03528
0.641808
1.33693
0.683111
0.490862
0.302178
0.157656
0.435028
1.39104
0.211643
1.04925
1.71218
0.462753
0.417591
0.526311
2.49692
1.88761
0.389373
0.933062
0.192824
0.45226
0.567426
0.192928
0.300215
0.150634
0.69501
0.9798
0.50318
1.75488
0.390115
1.13395
0.550022
0.650819
2.98248
2.86225
2.16572
2.064
2.76227
0.120227
0.449376
0.144018
1.47007
0.610387
1.54091
0.290271
0.865868
0.620336
0.632076
1.25387
4.89983
3.07049
0.744099
0.720306
0.801305
1.15372
3.58769
0.823794
0.718184
1.03358
0.323206
4.32199
0.419865
1.54477
0.391836
1.22739
4.64599
0.248733
2.26026
1.45703
0.892662
0.67256
0.930694
1.10673
0.371132
1.21707
0.871813
1.32212
0.188072
0.809658
0.802656
0.432656
3.42704
1.69442
0.445687
0.395577
0.181483
2.03999
1.38181
0.156377
0.907132
3.07251
0.451462
1.4308
1.06396
0.767559
0.272165
1.21186
0.483596
0.277597
0.197885
0.656755
1.42114
1.36076
0.714861
0.208034
0.516807
1.6553
0.65234
1.27885
0.76274
1.09373
2.05818
0.710228
1.13449
0.0444434
0.518549
0.832544
0.304557
0.401321
0.603097
0.00909492
0.449601
3.14915
1.89995
0.415728
0.79609
0.706715
0.464695
2.43387
2.26583
3.10084
0.100754
0.706994
0.775242
1.44931
2.00881
1.40299
1.64678
0.525285
0.752747
1.04659
0.376575
2.82133
0.663162
1.28682
0.628029
0.132013
0.263494
0.614657
0.986943
0.234451
1.41354
0.645001
0.47645
1.46265
1.02671
1.0221
0.5468
0.531975
1.03647
0.98532
0.361507
0.406051
0.854019
3.70722
1.81177
1.00507
1.98706
3.42402
0.791221
1.91582
0.317947
1.57755
0.690112
1.82796
1.64889
2.51145
0.704095
0.978762
1.05641
2.31362
1.05301
0.270324
0.725132
2.3875
1.23412
1.6222
0.624374
0.943221
0.124903
0.916
4.70187
3.02908
2.42383
0.615161
0.296599
0.47125
2.1662
2.85636
0.762254
0.251425
0.272994
0.0717708
0.590204
1.77887
0.524202
1.60945
0.235653
0.815319
2.45939
0.135258
4.84903
0.84814
0.226876
1.0967
0.457951
1.59434
0.340062
0.779871
3.46064
2.00948
1.99658
1.72585
0.548619
0.283961
2.43013
0.182391
0.165297
1.4543
2.35394
0.429092
0.339311
