Pressure
0.508409
1.44293
2.06078
1.88609
1.61069
3.85249
1.73481
1.76188
2.15973
0.229327
0.276538
1.18853
0.624705
0.316738
1.45793
1.27881
0.531631
0.5508
3.52594
1.08673
1.4626
2.496
2.15496
1.93302
0.160752
0.767043
1.16715
0.653043
0.635527
0.590141
0.262791
1.59348
2.20473
1.45439
0.605868
0.669739
0.584148
4.15325
1.55724
2.39149
1.27957
0.880392
0.628699
0.649746
0.583065
0.495346
1.49361
0.858912
1.32743
1.68619
0.860823
1.57725
2.64049
3.59866
1.78975
1.10847
0.828977
0.653094
4.32303
0.534163
0.995476
1.93036
0.486484
1.12909
2.56359
0.421235
1.6404
0.386533
0.416324
0.652822
2.8623
0.849338
0.460564
2.48964
0.0622122
0.997629
1.06792
1.78457
3.05554
0.51329
1.02701
0.644306
0.701043
0.0936011
0.0477789
1.90395
1.32618
0.710316
1.53423
5.05072
0.691419
0.603448
0.594808
1.9626
0.854024
0.150075
2.51186
0.302152
1.01594
1.05028
1.13359
1.7904
0.506979
2.83868
1.25425
0.545244
1.15495
0.833394
1.96746
0.384631
0.541656
1.17139
0.260957
1.17123
1.98239
0.435767
0.292005
0.481195
2.80886
0.74592
1.51383
0
2.96759
0.541997
0.903594
0.979375
2.52138
0.373528
0.599373
0.487914
0.706919
0.694851
0.511315
0.559333
1.92763
0.736974
0.381714
0.558083
0.562729
0.339476
0.346417
1.60549
1.9692
1.62738
1.91399
2.5816
1.20087
1.95431
2.07199
0.840876
1.83921
0.598747
2.606
1.00834
1.74471
0.527887
1.53823
0.449535
3.38689
1.39929
0.540268
2.84442
0.68588
0.451037
0.976131
0.750945
0.897618
1.33492
0.657594
1.48975
0.341774
1.18465
0.732686
0.480335
1.2889
4.34922
1.77654
0.869754
1.2741
1.02162
1.33019
1.16365
0.422646
0.471113
0.915176
