Pressure, Change in distance between ball and goal
0,-380.772
0.00111677,2969.94
0.00885666,-433.269
0.0207792,-3788.47
0.0286287,-951.342
0.0299821,-515.015
0.0426375,-2058
0.0451341,-620.619
0.0484102,160.907
0.0485514,-932.354
0.0601488,-322.448
0.061657,-672.703
0.0641018,2675.68
0.0642203,-862.468
0.0790496,-515.614
0.0804071,-390.961
0.0822587,210.829
0.0891178,2117.43
0.102639,377.977
0.103193,-4514.83
0.104123,-2828.13
0.104212,-126.262
0.111907,-453.171
0.115327,-542.946
0.121571,-3054.57
0.123766,-841.607
0.126034,-615.162
0.136168,859.504
0.136838,-1357.28
0.142782,-739.321
0.148116,-4040.16
0.148201,-1629.72
0.152559,-1388.79
0.171872,526.968
0.18468,227.133
0.192325,-1265.59
0.192757,118.983
0.200318,2407.98
0.204929,1057.81
0.206551,-2244.79
0.212114,121.318
0.214018,-1886.53
0.214964,139.977
0.217498,-61.1874
0.221253,-2661.07
0.237787,-1145.92
0.238129,1807.61
0.239109,33.981
0.246577,-565.777
0.250988,-1004.14
0.25338,-550.945
0.254641,-983.408
0.260284,-1204.84
0.261808,-396.488
0.262959,-1282.87
0.263017,-561.556
0.263259,-2101.37
0.263569,-833.825
0.264679,-2443.81
0.265408,-3550.46
0.266906,1970.35
0.268089,-1665.89
0.273938,-169.964
0.2757,-1780.98
0.279607,-1789.71
0.280599,-4916.56
0.282542,-1675.04
0.287279,1045.17
0.288669,-1297.44
0.291635,-385.328
0.299755,306.329
0.301796,-425.472
0.302317,-665.328
0.30838,722.516
0.314977,-89.3278
0.319645,1422.49
0.329992,622.426
0.333016,858.519
0.336221,-1112.28
0.340228,-141.475
0.340444,-1571.04
0.342336,1433.44
0.34636,-323.998
0.346844,1587.42
0.354567,-1955.32
0.35513,-137.804
0.357759,-1725.55
0.359564,683.032
0.3605,-181.348
0.361342,769.998
0.362691,992.056
0.363927,196.654
0.3679,-2408.36
0.376075,248.185
0.390038,-1615.35
0.39134,110.179
0.395041,-1985.75
0.395281,-4315.02
0.398247,-193.439
0.400105,760.947
0.400527,-2778.22
0.411562,1265.37
0.411668,-1993.33
0.416645,-2451.11
0.417997,1651.23
0.420491,-1319.71
0.42708,-701.004
0.431256,-325.057
0.432361,299.346
0.435563,-1719.1
0.437873,-1893.84
0.441301,-1134.92
0.443588,513.803
0.447988,-2234.92
0.45012,-644.069
0.450715,-1903.94
0.453919,149.757
0.454049,-2144.37
0.456031,-281.766
0.45625,-797.16
0.458807,-2287.57
0.460906,686.478
0.464229,3066.23
0.466119,831.34
0.471219,-1090.18
0.473077,1977.12
0.476657,-959.107
0.478387,559.988
0.480468,-3795.46
0.482118,-2566.83
0.483259,76.4613
0.484384,-1329.01
0.486554,-769.124
0.487313,1331.03
0.488933,-805.842
0.488971,-831.043
0.489437,340.941
0.489514,-485.398
0.489774,2.76024
0.490194,1457.99
0.491766,-2670.33
0.496975,328.765
0.500876,-250.689
0.502233,-1344.67
0.504045,162.72
0.508013,-1509.09
0.510288,-319.504
0.512984,359.718
0.51507,-399.79
0.515474,-71.0222
0.518696,-469.235
0.519664,-572.482
0.52192,-1105.19
0.522736,-2173.7
0.524554,-227.066
0.526823,-1032.21
0.52918,-537.076
0.529993,-759.463
0.531184,461.2
0.532023,474.744
0.532585,-740.502
0.537327,-2345.06
0.537982,635.85
0.539597,-967.482
0.542196,766.352
0.543919,-170.332
0.546577,1403.86
0.548292,-448.911
0.551696,-2240.51
0.553022,-108.102
0.555714,261.571
0.560413,-1238.17
0.561595,473.725
0.568113,-45.8506
0.569171,-2205.18
0.570885,-892.609
0.571343,-374.932
0.572065,-470.006
0.573219,-902.237
0.574651,-204.425
0.575087,-303.281
0.575498,-5323.14
0.576802,-249.46
0.578098,1232.71
0.581011,1133.55
0.582661,-995.184
0.588172,-2450.21
0.588481,1407.06
0.588792,-2575.27
0.591704,-207.356
0.595652,-618.654
0.595919,-1416.77
0.597125,-1617.45
0.59904,764.595
0.59995,-1371.82
0.601717,-62.6639
0.604412,102.857
0.605919,-927.087
0.611808,-1399.62
0.617844,-1415.53
0.619008,146.356
0.61964,197.446
0.622042,-433.908
0.625888,-1353.37
0.629751,-573.414
0.629997,-1524.01
0.634537,-3895.67
0.635244,-1376.68
0.636445,-1293.46
0.638869,-747.276
0.641034,581.394
0.6416,-1584.81
0.646084,48.4185
0.649183,-1302.59
0.651835,-743.126
0.653936,713.001
0.663326,-1588.71
0.665624,-1954.6
0.666576,-887.91
0.667201,-1.06052
0.667508,-3074.19
0.66903,-694.811
0.671449,-590.291
0.672941,-3851.34
0.674311,532.773
0.679427,-1083.32
0.681149,-1073.05
0.686187,-707.227
0.690432,-242.14
0.696158,-921.003
0.696563,-606.472
0.698808,181.506
0.699363,-1096.83
0.700258,-3253.49
0.700533,-138.33
0.709973,-130.663
0.714319,-839.784
0.71639,-3821.82
0.716881,-2424.43
0.720553,-395.714
0.726246,-842.431
0.731511,413.893
0.740448,-803.64
0.744107,-1724.4
0.746515,-1503.13
0.749488,-452.442
0.751752,-586.467
0.757751,-1054.12
0.762392,-1216.83
0.764774,2195.4
0.766302,-407.765
0.766865,634.628
0.775257,-2728.52
0.77618,-1597.72
0.777292,3382.06
0.782312,-2047.33
0.783418,-2553.86
0.784052,-1386.15
0.78603,-4089.24
0.788196,-712.772
0.788597,-1736.48
0.793338,-1154.4
0.805471,180.617
0.810769,-2013.34
0.813377,-1611.38
0.814624,-4194.11
0.815655,-481.152
0.815674,-327.503
0.82058,1595.68
0.824517,-5089.77
0.826994,-1785.17
0.830859,57.9849
0.831201,-1529.59
0.83343,-223.309
0.840841,-998.687
0.846982,-1227.42
0.847956,-775.338
0.850075,-906.432
0.850428,-109.329
0.853241,-2354.7
0.857408,-2642.5
0.858059,-129.017
0.862559,-762.96
0.863475,1406.14
0.864047,-4240.62
0.868067,442.961
0.871507,718.531
0.875243,703.193
0.888244,-381.328
0.888985,621.319
0.892581,-2921.73
0.898002,-569.287
0.904399,-756.587
0.90715,419.368
0.916249,-2127.81
0.920411,-640.494
0.924056,-333.973
0.926022,-2232.85
0.927155,-258.698
0.928487,-922.47
0.92923,-3378.24
0.930303,-100.515
0.930358,2867.02
0.934769,-514.207
0.937988,89.3721
0.939398,-513.731
0.940293,-394.48
0.94199,-3972.08
0.943109,484.249
0.952438,1880.44
0.952613,-302.078
0.955282,-1729.13
0.960406,2080.27
0.960945,725.605
0.967056,1738.1
0.978776,400.301
0.978925,-1558.32
0.979202,-1420.25
0.979624,-845.298
0.981465,1097.78
0.985632,-2319.8
0.988773,-1236.32
0.988926,-3476.53
1.00309,-713.705
1.00656,374.439
1.00817,131.633
1.00843,1948.31
1.01123,-1072.03
1.01306,-2478.25
1.01545,-2256.05
1.02372,873.483
1.0238,-4622.9
1.02812,-3644.1
1.03074,-814.664
1.03645,-35.9326
1.03732,-354.184
1.03879,379.879
1.04283,313.13
1.04315,-721.689
1.04389,-1023.55
1.04687,792.884
1.04892,-2782.32
1.04931,-1466.35
1.05797,8.96034
1.07607,2735.52
1.07946,400.418
1.08158,-1326.87
1.08237,-1280.47
1.08333,-1368.41
1.08398,-733.43
1.08445,689.258
1.08515,-1778.81
1.08985,-175.088
1.09353,-648.089
1.09659,413.45
1.0984,-639.535
1.10195,-376.3
1.10291,-84.618
1.1131,1369.21
1.11541,-1352.32
1.12403,-1070.88
1.1295,-2128.75
1.12962,-1447.04
1.12964,-2745.57
1.13702,-433.747
1.13722,185.227
1.1423,1725.55
1.14418,1109.63
1.15117,2273.19
1.15574,-1858.54
1.15803,-1327.67
1.17375,-775.733
1.18251,-982.929
1.18303,-2421.71
1.19331,1937.6
1.19886,1130.01
1.20205,904.95
1.20804,5.03982
1.21186,-1459.31
1.21264,1266.6
1.22335,-745.13
1.22617,-91.1577
1.23279,968.152
1.2335,3202.01
1.24436,727.571
1.24637,615.127
1.25392,-944.581
1.26052,-1092.23
1.26075,-548.873
1.26587,-822.762
1.27148,-2435.21
1.27672,-208.771
1.28433,1046.89
1.2884,-719.523
1.29096,-1243.78
1.30119,1758.15
1.30474,-12.6973
1.30875,-54.7678
1.31308,-1518.84
1.3137,-1503
1.3155,-3276.1
1.31659,-2150.92
1.32496,-1528.75
1.32964,143.647
1.33165,-1528.26
1.33753,-5633.33
1.35733,-1366.67
1.3577,-288.571
1.36966,-2674.46
1.37329,-594.667
1.37525,468.707
1.37751,-965.788
1.38263,-4479.94
1.40645,-2564.21
1.40776,-2162.56
1.42917,-157.31
1.44209,-5984.22
1.44968,-560.308
1.45055,-1123.72
1.47683,-802.405
1.49585,-1685.71
1.49686,-3192.83
1.50278,-263.487
1.5087,2694.61
1.51056,-128.898
1.53031,568.136
1.5383,-4122.46
1.53894,-1663.26
1.54452,468.505
1.56854,-1373.16
1.57257,-1084.34
1.5749,-3755.15
1.57497,37.2498
1.57863,561.022
1.58401,-201.145
1.58848,-1121.82
1.60681,-500.509
1.60689,1869.87
1.62108,-1297.74
1.62324,203.914
1.62516,-3472.7
1.63351,607.416
1.63542,-1578.65
1.63576,453.803
1.63615,104.461
1.6459,629.03
1.65349,-24.695
1.68414,-3434.32
1.71127,2452.21
1.71174,-351.065
1.71325,-324.834
1.73914,-2656.16
1.74442,-496.342
1.74897,-838.427
1.74966,60.8602
1.75255,-1254.71
1.77096,-1342.03
1.77319,-1068.78
1.8109,-2139.42
1.81555,-1629.37
1.8195,-208.686
1.82823,298.555
1.8341,-453.86
1.87274,1627.58
1.87685,-174.355
1.88488,-199.738
1.90579,-487.384
1.91643,-1925.23
1.92491,1243.32
1.94084,439.697
1.9524,-257.559
1.96089,-777.967
1.97984,-550.513
2.01877,-1686.69
2.02264,-282.961
2.02301,-1479.55
2.03937,-313.928
2.0454,-2226.13
2.05128,148.002
2.05984,-1156.14
2.06201,-620.047
2.06309,-631.936
2.07652,-2799.3
2.0969,-4365.03
2.11441,548.456
2.14379,-1052.72
2.17403,-696.763
2.17818,-1251.93
2.1914,1017.16
2.27695,-551.39
2.2855,-102.657
2.29159,9.79406
2.3082,-1406.56
2.32302,-365.259
2.33574,-5056.58
2.37145,-580.536
2.41984,-60.7721
2.42106,1255.38
2.4722,1140.92
2.50438,1126.23
2.50489,-3494.31
2.55917,-1332.76
2.56634,51.1333
2.60014,-1495.02
2.82784,210.92
2.8613,-1705.07
2.8616,3616.33
2.8794,-35.9218
2.90903,526.516
2.95307,751.439
2.9879,-1219.45
2.98927,-1907.61
3.00689,-1161.6
3.04041,1381.37
3.06145,327.305
3.08712,-334.022
3.09515,-493.442
3.12271,316.306
3.16328,-1792.72
3.20143,-2214.47
3.35957,1695.58
3.43543,370.781
3.55211,1136.82
3.56118,-1744.86
3.60622,-595.111
3.72129,2.13508
3.77925,-1768.07
4.03658,-1303.14
4.07469,-16.3814
4.11463,-1956.85
4.23673,1495.22
4.31158,-1380.13
4.3561,-284.728
4.64418,820.597
6.42021,-3441.81
