Pressure
0.733145
0.682509
2.50687
2.09789
0.211151
0.0891745
0.719163
1.76432
2.08648
0.170323
1.01402
0.694976
0.572138
2.32655
0.72319
0.691587
0.750989
0.192774
2.17716
1.02533
0.381552
1.61602
2.08594
2.88931
0
1.16411
0.47989
1.90248
2.51441
0.223825
1.20727
1.30092
1.14221
0.838733
0.193247
0.285474
2.92066
2.29071
2.75018
0.900432
1.22774
0.132669
0.711453
0.652088
1.96944
1.8103
1.28571
1.53932
0.695698
0.375834
5.74707
0.857989
1.02675
2.14144
0.545479
2.13486
0.708785
1.02951
0.614008
0.855068
0.668991
0.28268
1.38214
2.25162
1.35682
0.463224
0.362045
0.701945
1.55326
0.458311
0.24011
0.767364
0.306696
2.46387
0.138418
1.00675
0.62325
2.31559
0.199036
1.70076
1.13618
0.981596
0.203857
2.51031
1.10358
2.89918
0.0833196
0.314687
0.862485
0.734405
1.83853
1.31015
0.982444
0.25419
1.3173
1.16314
2.32204
0.483405
2.68523
0.744597
2.67061
0.351415
2.90682
2.05242
1.11732
2.82076
0.936167
0.912695
1.82454
1.94891
0.818683
1.01811
2.22678
1.54992
0.378665
0.433518
0.669956
0.663822
1.51873
1.20835
1.47287
1.60972
0.625692
1.50498
1.31893
2.48585
2.65098
0.147911
1.21244
0.147244
0.84019
0.541847
2.87721
0.93895
0.698038
1.40209
0.49274
0.37755
3.31253
1.44863
1.06736
1.46057
1.13951
3.75148
1.69687
4.86099
0.714224
1.35389
2.09575
0.860789
2.1911
1.3383
1.23854
1.16293
0.900512
1.24915
2.19163
1.63597
0.128242
2.28576
0.294172
0.0543561
0.38632
0.879576
0.368025
0.675831
1.90123
0.899162
0.931941
0.957715
1.57766
0.289306
0.597505
1.64266
1.33859
