Pressure
1.66339
0.690075
3.3703
1.64901
1.2213
0.620674
0.485627
0.224835
0.16567
0.677422
2.73148
0.135079
3.1442
0.56311
0.353295
0.351819
0.922835
1.63214
0.321207
0.705579
2.04416
0.762661
2.45893
0.136853
0.172034
0.497382
0.478572
2.56284
0.430823
1.91037
0.536881
0.175331
0.719339
0.431419
0.620815
0.356707
0.308219
0.30747
2.04508
0.593834
1.12768
2.67803
1.92234
0.357396
0.801945
2.25433
0.238032
0.0477666
0.195162
0.803812
0.206098
1.13667
0.721382
0.0176516
0.234125
6.10301
0.286914
3.75323
0.221149
0.205173
0.771437
0.297425
0.688894
