Pressure
1.35758
1.2611
0.0570776
0.67096
0.87143
1.88899
0.712434
3.22963
0.620914
0.510629
0.107112
0.829927
0.272674
1.64363
0.536047
0.469884
0.705076
1.41123
1.15374
0.792005
0.615291
1.22821
0.436777
1.1062
0.441993
0.962551
0.396783
1.7016
5.10542
0.75971
1.79028
0.327738
0.473593
2.59462
1.26789
0.918435
0.875045
0.698722
2.40178
0.567222
1.0061
0.365087
1.41894
0.910388
1.52499
0.964108
2.32088
0.929352
1.40311
1.94255
3.6495
0.498246
0.41733
2.61473
0.966964
0.589807
0.751905
1.28656
0.632818
0.970797
1.78805
0.770213
0.717571
2.12313
0.782741
1.75248
0.812898
0.200453
0.325346
0.211482
0.557
1.73034
1.94765
1.33771
1.31533
0.591789
2.10019
0.502262
2.09275
4.44073
2.46007
1.88565
0.165012
1.32261
0.388116
0.477328
0.538634
2.24876
1.24328
1.05998
1.23795
0.529997
0.789766
1.14768
0.824198
0.306392
0.428143
0.954815
0.991874
1.51478
2.00007
0.260295
3.37688
0.577352
2.03206
2.1468
0.861929
0.0997111
2.29784
1.61625
0.670266
1.03555
0.677996
3.26503
1.76506
0.460034
0.50807
0.232293
0.583551
1.33059
1.00245
0.25865
0.601904
0.9466
0.72223
0.213402
0.622079
0.497905
0.423375
1.67145
1.30317
0.959626
0.617823
1.84741
1.93662
0.632318
1.20049
1.28215
0.207989
0.630939
0.571848
0.252801
0.978143
1.4212
0.200939
1.75757
0.803808
0.559757
1.06467
0.453618
2.59719
0.0532108
0.15195
0.679092
0.451149
2.19889
1.12739
1.81204
0.964846
0.775517
0.663867
2.30757
1.06034
1.56345
1.38761
0.186181
1.29702
0.31377
0.447276
1.93071
1.48017
0.448439
0.413398
0.432292
0.287564
0.0776533
0.848004
0.388019
