Pressure
0.673478
1.35104
0.259708
1.07847
1.23344
0.758205
0.606294
1.99048
1.24811
1.91564
0.174075
0.85243
0.600164
1.45973
0.603544
0.399186
0.857464
1.29164
0.330297
0.213614
0.759937
0.756886
0.0746316
0.162245
0.330417
1.11528
3.10404
0.358291
0.851421
0.258511
1.32741
0.845476
0.190913
1.12254
2.15898
0.118369
0.691398
1.83307
1.68423
2.34867
1.48338
1.44521
0.625231
0.304544
0.400664
1.85459
0.363828
0.668175
1.40939
1.02238
1.00914
0.693921
0.295699
0.374666
1.63023
0.598211
1.74394
0.518674
0.50215
0.4563
0.321424
0.580912
0.526867
0.349689
1.77465
1.1972
0.702069
1.22053
0.089815
1.25571
1.31807
0.122832
0.734059
0.726807
1.24811
0.938624
0.28496
0.521461
1.18764
2.14885
1.00503
1.31657
2.37368
0.112354
1.33785
0.710213
0.744149
0.0773115
0.98801
0.212194
1.53125
0.795609
1.55938
1.99059
1.06642
1.12762
0.574615
2.19799
2.16844
1.61258
0.143659
0.62669
0.597711
0.64589
