Pressure
0.0126934
1.46363
0
0.566103
0.157353
0.576224
0.176363
2.1121
0.485644
0.265349
0.390033
0.528807
0.089418
0.332589
0.969129
0.742877
1.27594
0.472227
0.641899
2.69805
0.938724
0.50866
0.981264
2.19793
1.15117
2.26986
1.34337
0.819124
0.0139564
1.2626
1.86093
0.527967
0.447793
1.23655
0.933271
1.29766
0.666874
2.65507
2.14346
0.448799
0.0549347
0.359383
0.41673
2.67854
0.182825
0.364662
1.66323
1.92193
0.458737
0.289956
1.01252
1.16095
1.71289
0.750507
2.46725
0.0223611
2.39538
0.720875
1.36371
0.237651
0.761876
1.82747
1.2397
0.431149
0.485863
0.093283
0.850351
0.311041
0.449577
1.57762
0.338964
0.336835
0.781506
0.211643
0.389373
0.192824
0.485604
0.218807
0.300215
0.967673
0.120227
2.95264
2.57438
0.407591
0.83501
1.21912
1.89017
1.09373
1.04054
0.00909492
0.425674
0.231329
1.12282
0.622587
2.16786
0.319117
0.624374
0.377636
0.741968
3.0826
1.88103
2.34262
1.07951
0.603511
0.180816
