Pressure, Change in distance between ball and goal
0,967.246
0,-211.101
0.0127121,3086.97
0.0155164,2050.48
0.021188,428.867
0.0276303,269.577
0.0280893,1267.93
0.0335198,268.823
0.0374732,-734.997
0.0386828,-391.667
0.0490316,1077.62
0.0537428,246.235
0.0560214,305.435
0.0576122,-824.502
0.0639001,283.03
0.0644489,-77.8772
0.0651684,-454.416
0.0679471,83.6716
0.0704666,1460.55
0.0713998,1207.15
0.0763877,50.0298
0.0775673,209.724
0.0934574,534.059
0.100054,331.249
0.10075,803.936
0.101162,-275.158
0.103046,448.454
0.105613,-763.309
0.107572,-709.49
0.110988,2165.77
0.114087,2554.55
0.118188,338.852
0.118832,-477.517
0.121085,2115.05
0.123066,1193.18
0.127498,687.603
0.127526,1225.11
0.128603,-1164.24
0.129831,-444.193
0.131035,-297.949
0.135504,1962.04
0.139505,393.75
0.140703,-196.326
0.145683,889.564
0.154029,-202.896
0.158387,-738.654
0.163237,2499.76
0.164647,1533.35
0.165702,-730.089
0.165799,-847.346
0.167441,1119.86
0.167856,2176.96
0.17077,267.8
0.177856,1036.53
0.184329,-1106.65
0.184903,-221.811
0.188041,-1712.57
0.190266,-347.229
0.191282,409.764
0.193024,989.353
0.202568,-478.161
0.203795,-308.593
0.204191,2922.82
0.204515,-716.181
0.211113,2836.49
0.211236,178.599
0.215687,228.856
0.216076,1339.06
0.222232,631.661
0.224651,799.885
0.226237,1520.85
0.229854,-288.042
0.230548,1231.38
0.232492,-1438.89
0.235222,-644.656
0.235827,391.527
0.236165,866.471
0.237747,645.627
0.238596,-53.6403
0.243182,-1477.45
0.243917,643.224
0.244784,-461.655
0.246335,506.658
0.24848,-959.584
0.249095,1417.72
0.250053,33.6044
0.251771,-224.158
0.253546,-181.954
0.257775,260.606
0.258291,596.491
0.261508,2193.21
0.263733,849.483
0.266349,894.12
0.268123,1215.45
0.274266,3897.18
0.27445,482.55
0.275212,416.541
0.277253,518.958
0.27906,1139.86
0.279415,-3265.46
0.28176,1242.13
0.281904,-114.974
0.282892,2442.76
0.284081,1417.52
0.286222,1171.6
0.286497,910.274
0.289421,-11.4952
0.290386,-6.31009
0.293678,522.954
0.295637,-200.353
0.296522,-690.92
0.30607,294.949
0.307245,-1172.48
0.308069,323.196
0.308825,61.7291
0.313044,-1602.23
0.313135,-630.345
0.31358,2770.05
0.314562,-278.415
0.314655,399.7
0.316663,900.326
0.317404,-1093.16
0.318717,1239.95
0.324794,868.685
0.325705,237.634
0.325781,218.287
0.326889,3207.08
0.32745,207.23
0.327721,-201.698
0.328644,1067.76
0.330414,253.817
0.3317,-257.693
0.331943,463.157
0.332924,-1143.88
0.341338,1627.98
0.341468,119.332
0.344142,-1023.53
0.345671,788.577
0.34575,1638.42
0.347531,-1254.51
0.348607,1415.44
0.351258,1073.25
0.35307,-1405.98
0.353641,-5.77045
0.355482,-631.171
0.355839,-86.4426
0.356595,3373.07
0.359379,-184.276
0.362985,-702.946
0.363001,721.756
0.36411,732.373
0.367565,-130.583
0.369133,1517.27
0.369274,534.389
0.376346,536.22
0.379085,1096.06
0.381472,-242.589
0.384618,-736.661
0.38692,967.603
0.388124,221.098
0.390015,1051.86
0.397054,-1123.72
0.397624,-657.345
0.400625,-402.566
0.401048,2947.05
0.401118,472.787
0.401592,1322.81
0.404607,84.98
0.405235,568.902
0.405359,-588.973
0.406364,-47.0188
0.407353,645.656
0.407818,468.385
0.410296,697.37
0.412234,621.218
0.41458,768.419
0.41532,876.088
0.418188,711.617
0.418881,2117.51
0.423133,155.243
0.431043,770.948
0.435551,740.128
0.440473,304.638
0.444555,397.522
0.445036,1278.33
0.445185,512.931
0.449273,85.9575
0.450593,651.934
0.463448,-95.7084
0.465108,372.835
0.467356,2297.35
0.467428,628.289
0.46797,1993.22
0.469563,84.3936
0.470746,200.687
0.474476,-3261.27
0.476714,1086.92
0.482113,160.126
0.484813,951.665
0.485612,-205.348
0.485665,796.49
0.485925,-123.652
0.487938,19.6248
0.490517,1690.06
0.491074,1948.56
0.491533,384.901
0.492139,2045.41
0.492307,413.695
0.493598,-217.193
0.493754,-578.756
0.497105,-65.6682
0.499151,-770.291
0.501525,-889.651
0.502369,267.573
0.503222,-631.803
0.503231,-789.871
0.512609,-262.696
0.514991,13.1961
0.516196,1148.15
0.517747,2206.48
0.51816,-1815.11
0.518359,293.065
0.519137,1569.67
0.521106,242.699
0.526032,976.17
0.526123,753.891
0.527035,-1160.65
0.529501,1151.31
0.531327,919.846
0.534124,1051.18
0.534842,-80.4995
0.535351,-606.472
0.537617,841.512
0.539441,1223.71
0.542494,-899.696
0.547445,-1060.68
0.556183,-1471.78
0.557698,1539.09
0.562813,981.726
0.562992,-461.608
0.564965,844.124
0.565141,891.797
0.566456,-449.057
0.567158,-1321.94
0.567762,-701.841
0.568667,4.68348
0.570236,-893.872
0.573581,430.991
0.574486,1944.84
0.57679,889.744
0.57947,2023.81
0.580533,1182.84
0.581351,851.25
0.582308,1322.22
0.582665,272.758
0.584965,1598.81
0.5852,-335.506
0.585581,-737.06
0.586498,1036
0.589709,-49.4578
0.596099,1307.56
0.596174,695.937
0.600421,-1170.03
0.607944,783.233
0.608991,594.732
0.609041,431.789
0.609486,-57.1997
0.609767,687.494
0.611157,815.525
0.611304,-146.343
0.61214,608.421
0.616346,-423.447
0.617346,24.876
0.617668,-713.611
0.619405,-2356.58
0.622,101.488
0.623336,550.612
0.623494,934.871
0.626879,390.207
0.627351,1050.24
0.630799,92.663
0.631022,1084.56
0.631299,-147.787
0.632191,-581.461
0.632271,1429.79
0.632517,-35.0879
0.632554,526.108
0.637366,513.43
0.639749,-1024.87
0.645949,1062.39
0.647136,396.981
0.648529,53.3477
0.653145,1831.14
0.656166,2118.6
0.656358,528.665
0.663915,679.079
0.667553,-372.184
0.667838,-1613.66
0.668492,660.265
0.669388,233.121
0.673548,1226.2
0.674035,124.461
0.676711,436.225
0.68585,-768.391
0.685958,720.755
0.690022,1568.33
0.694069,137.118
0.694655,125.838
0.69665,-334.252
0.696782,1201.51
0.69734,1653.34
0.700886,-241.788
0.702221,545.806
0.703239,-1931.57
0.703544,-373.96
0.708407,184.594
0.709658,-994.861
0.711068,731.757
0.712673,1401.56
0.713516,707.246
0.71404,746.519
0.715613,1675.77
0.715657,3232.81
0.716387,1471.13
0.720825,220.721
0.720896,41.6242
0.72283,43.8127
0.723117,-305.9
0.730732,536.616
0.731257,1857.19
0.732527,92.5269
0.734911,1519.28
0.736711,-106.981
0.740659,418.516
0.747744,-218.38
0.750617,771.77
0.751769,1685.91
0.755122,-837.095
0.756617,279.673
0.759952,2281.79
0.765725,-1688.55
0.766213,1665.94
0.767777,321.787
0.768216,-655.614
0.771179,273.831
0.772187,-551.134
0.775013,1796.54
0.775831,97.3116
0.777837,1849.42
0.78157,-64.7048
0.784709,349.597
0.785887,824.687
0.78988,790.202
0.802932,2950.48
0.805162,1139.81
0.809165,-341.954
0.812452,949.823
0.828625,761.784
0.830433,261.955
0.836314,794.836
0.837719,-129.506
0.838286,1294.25
0.838296,-161.782
0.839592,-78.9576
0.839652,1022.61
0.839802,838.423
0.841872,1501.99
0.843561,168.469
0.844613,-97.5909
0.847656,1241.39
0.848106,-382.553
0.848524,913.597
0.849891,3250.54
0.852312,-311.595
0.854964,459.882
0.856117,162.188
0.86412,558.803
0.870369,619.62
0.870835,964.969
0.87141,13.7787
0.871824,180.089
0.872059,-56.7563
0.876779,-156.107
0.888815,301.077
0.890786,1634.33
0.891512,131.606
0.893184,-1460.64
0.893524,428.215
0.894212,1694.56
0.897091,-769.689
0.897334,-2518.42
0.899771,231.625
0.90801,602.467
0.912557,286.009
0.912672,-9.11867
0.916734,-1863.83
0.920378,862.274
0.924998,1953.74
0.931726,1204.72
0.934852,1646.88
0.937161,387.056
0.941254,-47.8519
0.944753,1466.28
0.948991,-932.959
0.950672,1890.18
0.95639,-589.361
0.967897,1447.33
0.970106,91.4738
0.977699,87.3834
0.982247,-1297.32
0.99348,1754.48
0.997566,-724.061
1.00221,-767.541
1.00645,-542.922
1.01885,-267.405
1.02481,-332.428
1.02517,-1458.82
1.02778,1244.91
1.03213,1935.86
1.0409,291.523
1.04174,302.493
1.05112,-1.98862
1.05881,196.21
1.06459,779.878
1.06966,287.731
1.07304,620.935
1.07742,-216.139
1.08758,-687.778
1.09213,1363.51
1.09295,-158.544
1.09854,-848.976
1.1025,661.043
1.10626,485.086
1.11886,2210.04
1.12209,101.573
1.1223,-67.5681
1.13108,-695.199
1.13128,894.458
1.13161,752.31
1.13389,-324.466
1.13668,1821.31
1.16125,1293.96
1.17944,-251.672
1.18137,612.525
1.19077,2111.69
1.19384,2373.2
1.21519,1118.44
1.21572,-260.51
1.21733,-191.923
1.22743,-66.6961
1.23353,1490.67
1.27183,105.274
1.29125,-1405.62
1.29839,-429.373
1.29844,1114.06
1.29908,-34.5906
1.30258,971.479
1.312,-521.461
1.32996,65.9663
1.33503,501.36
1.39601,-875.723
1.406,348.467
1.40965,-713.214
1.42577,-949.193
1.44861,432.999
1.45017,1024.66
1.45397,2551.53
1.47134,-88.9004
1.47793,-386.774
1.48268,1525.67
1.48803,358.537
1.49336,306.916
1.52039,466.647
1.53956,837.494
1.54314,1345.64
1.54411,-277.687
1.55189,241.017
1.55569,-630.897
1.55791,2889.71
1.57978,63.8262
1.58892,-2100.86
1.59087,679.344
1.59757,1715.96
1.62231,-1370.93
1.63061,1305.21
1.6427,623.72
1.64875,-123.826
1.65574,1462.05
1.65633,1291.11
1.66012,787.06
1.66444,-1829.89
1.67484,687.699
1.69333,591.203
1.7043,481.981
1.7099,-922.194
1.7111,364.839
1.73456,495.001
1.73821,2171.46
1.77012,-45.4968
1.78741,2214.13
1.81005,-1396.58
1.83669,-226.285
1.85769,1304.53
1.86482,630.698
1.87,-73.9103
1.87129,890.324
1.87594,1593
1.95496,2020.19
1.98362,-529.052
1.98932,-992.297
2.00271,1193.81
2.0453,2503.48
2.04624,1794.88
2.07178,331.363
2.15207,2023.03
2.17354,-742.168
2.18571,585.455
2.21762,717.571
2.24665,1699.66
2.30122,-199.754
2.30662,-349.897
2.31346,2462.85
2.32471,181.986
2.33667,1761.52
2.39686,1150.77
2.41131,577.126
2.41715,-141.347
2.41834,-204.533
2.43172,1935.46
2.46964,3553.11
2.48887,-747.498
2.50882,389.941
2.52875,132.519
2.53702,1382.7
2.77552,-252.058
2.77921,-333.205
2.7904,-675.101
2.8207,-537.004
2.86653,-1915.95
2.90779,1516.13
3.25208,355
3.35121,-415.093
3.41583,115.267
3.59616,-976.212
3.79097,482.218
5.50313,2660.13
