Pressure
0.196793
1.06199
1.0213
0.874101
0.805115
0.322643
1.71447
0.539687
2.25999
0.69469
0.599909
0.40216
0
0.683451
0.800628
1.52847
0.162577
1.02881
0.111032
0.858018
1.12897
0.18978
2.07638
1.10567
2.62425
0.846912
0.188474
0.382092
2.54869
1.58164
5.26451
1.41243
0.261118
0.59986
0.597768
1.57246
0.187139
0.726718
3.03296
0.813002
0.385076
2.48032
0.297261
0.207727
1.00667
1.11024
0.896586
2.10191
1.38631
0.0849747
0.889519
1.9212
1.26758
0.104834
0.364286
0.227305
0.693769
0.639273
0.476082
1.71277
1.05347
1.26675
0.0891661
0.337341
3.73138
0.358091
0.13905
0.343998
1.04688
0.573774
1.04837
1.07463
0.612093
0.671447
1.77823
1.20726
1.17959
0.463702
0.666504
1.43382
1.17823
2.4101
0.194885
0.276348
0.747781
1.31039
0.718609
0.942922
0.803289
0.578549
0.28226
0.373375
0.846197
0.0379977
0.650547
0.354843
0.7642
0.770189
1.02486
0.462373
0.884797
1.1812
0.94231
1.40448
0.694714
0.389625
0.777149
0.703762
0.226363
0.6756
0.784479
0.558576
0.735422
1.24907
2.41486
1.50799
0.946151
1.48455
0.0332703
0.937704
0.782516
0.331245
1.29002
1.67983
0.643974
0.0965389
2.09429
5.65209
0.701515
0.683119
0.352041
1.41037
0.750791
2.23664
0.468888
0.185424
3.00064
1.27108
0.130875
1.02927
3.63635
1.29408
2.82937
2.25321
1.32424
4.41371
0.906308
0.717443
1.22521
0.361063
0.477778
1.07478
0.675708
0.668255
0.53157
0.600242
0.633954
1.3639
1.53909
0.803098
