Pressure, Change in distance between ball and goal
0,2504.1
0,-992.24
0.0170281,391.376
0.0194942,1187.12
0.02118,108.891
0.0380449,-166.486
0.0426173,-711.335
0.0429431,-262.119
0.0549767,2108.65
0.0583311,656.589
0.0776068,-1259.43
0.0805729,-676.061
0.0977399,979.215
0.0984709,84.4765
0.100188,-163.05
0.111299,852.363
0.111562,1123.18
0.124568,-321.258
0.124952,634.074
0.12664,-382.592
0.129875,2288.9
0.13031,49.6992
0.13183,23.3681
0.158049,970.266
0.175523,-89.8411
0.176844,228.191
0.181336,416.252
0.182403,326.129
0.18472,-286.388
0.189446,560.192
0.19055,-336.671
0.190719,-285.354
0.194547,-729.443
0.20101,2238.65
0.20481,1702.59
0.20486,-169.391
0.205409,-150.344
0.206313,938.46
0.207122,-699.526
0.209623,975.06
0.210797,3233.86
0.211278,-1044.2
0.217566,487.281
0.219628,2590.4
0.220519,1240.15
0.225192,1937.11
0.226754,1123.58
0.229607,2915.77
0.234291,-182.355
0.234647,172.692
0.238328,1966.34
0.240507,1995.53
0.244277,516.623
0.246752,-875.393
0.247145,376.701
0.248406,1873.93
0.248414,408.262
0.248476,1357.05
0.249271,1195.74
0.252754,3386.78
0.260908,549.407
0.263317,-777.471
0.268111,1550.04
0.274936,2039.67
0.275348,1754.08
0.286602,770.576
0.288819,3214.61
0.290031,-228.887
0.290797,-435.81
0.292184,-1046.17
0.293239,1924.71
0.29343,1759.66
0.295277,1268.68
0.296219,2093.15
0.302202,2741
0.302752,-492.884
0.30899,1678.15
0.315474,475.13
0.32057,1606.19
0.320858,-1179.01
0.323098,-384.733
0.323264,-463.089
0.328169,1373.15
0.329964,-1251.73
0.333116,759.733
0.337424,857.832
0.33888,-1089.93
0.340042,116.28
0.340172,2898.8
0.341077,158.463
0.341783,590.134
0.344018,1812.39
0.344435,2868.21
0.345895,1509.43
0.348189,859.053
0.351747,-1275.2
0.356494,-1506.17
0.356616,-135.916
0.35688,335.286
0.357754,1574.43
0.364058,-1015.12
0.365266,382.916
0.372047,458.412
0.385338,-2051.08
0.388011,-601.246
0.389345,-745.009
0.390215,367.972
0.390793,592.651
0.392625,908.969
0.393061,291.779
0.393786,979.364
0.39483,106.615
0.396636,303.302
0.400889,-858.348
0.402848,815.604
0.403175,-606.579
0.413636,744.642
0.416729,1514.74
0.418399,2415.68
0.426072,-129.611
0.430151,-171.745
0.431884,388.877
0.432044,1226.62
0.441176,1108.37
0.455897,1349.69
0.459995,452.992
0.461315,-9.79312
0.467152,1106.07
0.46721,0
0.468621,1064.49
0.469375,2642.8
0.472928,-383.251
0.474352,-765.846
0.47485,-608.026
0.480505,1353.46
0.483765,48.1653
0.48377,-533.805
0.496582,622.15
0.499709,258.669
0.508046,-630.189
0.508542,834.001
0.516829,953.789
0.516935,2082.99
0.520944,810.751
0.524254,2058.38
0.527809,2632.16
0.528625,-1345.21
0.531073,-2764.98
0.535115,952.337
0.535136,311.601
0.537465,726.432
0.540007,-2392.98
0.5403,-1120.66
0.540447,-441.14
0.540685,1426.45
0.542006,57.1219
0.542871,-402.768
0.544141,525.525
0.546654,981.252
0.548222,-1185.48
0.549146,1001.85
0.552553,2398.03
0.552941,1908.61
0.553991,-104.319
0.556678,-700.422
0.558298,278.246
0.559376,-1687.02
0.55952,565.118
0.563728,1102.64
0.571125,1501.84
0.574637,-1021.13
0.579308,-523.66
0.58033,245.941
0.582728,821.049
0.58286,-1236.68
0.586511,-664.206
0.586523,-153.331
0.591947,560.138
0.595262,1269.77
0.598099,2208.18
0.599439,1708.83
0.60036,471.937
0.608854,808.448
0.60894,-429.422
0.609044,-927.433
0.60984,605.681
0.610308,2277.58
0.613662,-33.6491
0.621656,633.488
0.625268,156.978
0.63015,702.897
0.636834,1296.3
0.639258,-723.87
0.640672,569.203
0.642215,935.867
0.647369,1148.76
0.647986,430.205
0.648201,283.087
0.648662,1855.48
0.64877,-1460.25
0.64962,-771.841
0.651146,-1455.08
0.653378,-228.942
0.674301,1198.87
0.677622,1671.53
0.679411,-1119.57
0.686044,605.067
0.688715,2223.82
0.697283,974.38
0.703473,1076.55
0.714664,-346.6
0.720696,-223.868
0.723645,-53.4017
0.723711,1612.88
0.727821,1161.04
0.731264,350.556
0.738025,-86.1227
0.744278,1965.34
0.753108,-1265.59
0.753638,441.452
0.756249,885.914
0.760748,-428.842
0.768721,-881.187
0.775937,-613.526
0.780183,1599.38
0.783988,602.702
0.785169,636.315
0.787397,265.226
0.792734,-195.44
0.792845,1938.78
0.799925,-348.842
0.802884,-559.355
0.809525,699.567
0.812638,1175.02
0.813447,-782.281
0.816316,1291.28
0.823344,1993.52
0.824301,-508.273
0.825016,-99.9556
0.826871,1859.22
0.831736,-353.468
0.845175,-1374.61
0.846463,1454.29
0.850241,451.156
0.867869,529.61
0.869759,2109.17
0.871413,1680.03
0.88424,-1238.33
0.886936,1550.3
0.896558,-1035.12
0.898455,-479.842
0.910419,222.948
0.911392,-482.195
0.918224,787.03
0.919514,1383.24
0.921842,1720.82
0.930392,-2557.8
0.93236,619.778
0.936858,224.63
0.938217,189.269
0.940448,2842.73
0.940506,635.128
0.944746,-1039.51
0.954757,-1058.94
0.963394,-324.615
0.970618,1185.29
0.972652,-1253.68
0.982356,2049.43
0.990197,1098.48
0.995639,-2123.63
1.00276,617.935
1.00543,644.722
1.02512,2195.57
1.02609,2184.68
1.02663,1517.45
1.02754,2116.17
1.02949,1146.8
1.05841,-825.424
1.06833,1026.43
1.07141,539.562
1.0718,64.9813
1.07602,-198.924
1.09718,2572.02
1.1024,2706.85
1.10465,-58.3338
1.10842,-341.677
1.1177,712.475
1.12227,185.621
1.12425,152.722
1.13192,-255.865
1.13472,-1013.92
1.14227,1582.07
1.14803,-901.843
1.15531,1225.2
1.16498,1976.5
1.17969,1533.94
1.18215,3052.74
1.1912,583.623
1.19635,2315.48
1.20123,106.456
1.20384,77.456
1.21915,-183.793
1.23161,1621.37
1.27026,1960.14
1.28895,380.646
1.29468,1585.69
1.31159,2754.42
1.31645,638.823
1.31687,1108.8
1.33005,2939.37
1.3717,1989.99
1.37709,104.807
1.38711,1878.76
1.41359,1107.56
1.41536,503.451
1.43109,-1197.95
1.45094,2121.69
1.45388,1367.5
1.46131,-581.11
1.46893,1473.81
1.48005,2437.52
1.48793,-1262.33
1.54466,912.688
1.5705,164.688
1.57937,960.521
1.58499,1343.28
1.5914,-1635.06
1.59957,-615.177
1.60849,770.219
1.6119,2142.03
1.62026,2619.8
1.67136,-1008.88
1.71494,369.306
1.7232,373.132
1.7618,775.077
1.78386,-113.458
1.82652,219.664
1.86731,-625.579
1.93188,461.873
1.94326,1223.19
2.03342,-726.084
2.06855,858.626
2.09221,751.72
2.15146,1374.27
2.18733,1270.15
2.20271,1966.33
2.22084,477.579
2.28208,-287.866
2.33734,463.921
2.39857,-595.873
2.41749,-123.653
2.44866,570.575
2.5139,1257.5
2.70338,415.117
2.88025,1897.91
2.96878,736.215
3.10637,-825.613
3.24164,489.902
3.24635,164.439
3.26423,74.5336
3.34743,845.283
3.53013,-406.179
4.81399,344.539
7.87671,151.09
