Pressure
2.34975
1.14704
0.030344
0.766791
1.53536
2.09537
0.155483
0.97492
0.683273
0.666446
0.542632
0.36207
0.28412
3.07301
0.520479
2.1121
0.759153
1.42062
1.45425
0.165818
2.77214
0.0257339
0.206482
0.195757
0.35469
1.10335
0.310459
10.1727
1.9438
0.869668
0.103113
1.05655
0.83657
0.938724
0.335311
2.19793
0.411203
2.16059
0.690244
1.07531
0.869597
1.19713
0.932876
1.89145
1.15279
0.484115
1.98467
0.998585
1.84197
1.15213
1.25621
0.764618
0.254626
1.2822
0.845992
0.933891
2.28475
1.20673
0.969721
0.951512
2.46107
2.07107
0.448799
0.635545
1.19701
0.229047
1.67932
0.805161
0.41673
2.19061
0.190278
1.03994
2.67854
0.996761
3.56985
1.27454
1.15157
0.463872
2.28078
0.12193
1.52944
0.501221
2.1643
2.19653
1.404
0.614211
0.635141
1.39483
1.69015
2.68054
4.48649
0.856322
2.28462
0.0317014
2.59587
1.89348
1.82925
0.863763
1.18948
0.819203
1.32876
0.194048
0.185376
0.475181
1.6415
0.579703
4.7268
0.943778
1.36371
0.484867
1.15832
0.761876
1.54947
1.49322
3.20764
0.531754
0.591717
0.923694
1.01668
0.570053
0.629274
0.532993
0.850351
0.192931
0.735939
0.435235
1.13403
0.922554
1.57273
0.083671
3.45804
0.447875
2.12479
0.211643
0.32045
0.526311
0.428451
0.567426
0.447813
0.720262
2.0322
1.29733
2.98248
2.04846
0.865868
1.02912
0.934447
1.28834
1.91952
1.02723
0.725664
0.880165
1.08826
0.677257
1.04054
1.18775
0.832544
0.00909492
0.654878
0.720708
1.64678
0.448722
2.1698
1.41354
0.417795
0.465945
0.893568
5.11842
0.317947
3.73549
1.48333
0.613762
2.1662
0.0544711
0.815319
0.340062
1.6164
0.590587
2.43013
0.182391
1.4543
1.94059
1.87853
