Pressure
0.593616
1.03175
0.525805
1.81368
1.07396
0.159527
0.797683
0.214643
0.113975
3.11679
0.7046
1.1227
1.30617
0.0299419
2.10433
0.599502
2.67923
0.332531
0.655576
1.19175
0.733837
0.313182
2.02578
0.547412
0.979925
0.625726
0
0.672149
0.647696
0.41621
0.177497
0.326656
1.29713
0.278548
0.356709
0.5538
0.0595926
0.201362
3.15509
1.63189
0.787324
0.48952
0.928005
0.830025
0.253358
0.328406
0.481333
0.374563
0.802505
0.512685
2.04673
0.768334
1.74177
1.58043
0.517564
4.13003
0.204039
2.09047
0.488996
1.59646
3.93571
