Pressure
0.637828
0.656599
0.51108
1.23344
0.758205
0.203434
0.760003
0.382661
0.816051
0.74158
1.64189
2.172
0.770297
0.262213
1.5369
0.627917
0.332219
0
0.359147
0.760804
1.0027
1.09983
4.38873
0.909005
5.27844
0.016041
1.11722
2.46365
1.39098
4.01102
2.37341
0.625037
0.478896
0.717204
3.04906
0.857464
5.75526
2.2825
0.377286
0.681171
0.330297
0.758427
1.63926
0.90082
0.896229
0.360675
0.529853
1.32375
0.431941
1.46078
3.38206
0.426335
0.354206
3.65034
0.562299
0.851421
0.449969
1.32351
1.43426
0.638701
0.800085
1.40659
0.547136
0.703284
0.502843
0.847811
0.691398
0.220751
1.52831
1.24118
0.77293
2.34867
0.261779
1.03727
1.02097
0.33595
1.67638
0.168073
1.48338
1.13602
1.44521
1.49273
0.828712
0.748855
1.70288
2.75381
0.625231
0.597586
0.349115
0.655862
0.222722
0.954188
0.200762
0.164347
0.878676
1.08198
0.642092
1.22776
0.748733
1.56283
1.00914
1.05853
0.295699
0.536437
1.48637
2.53285
5.64883
1.05718
0.776181
0.591505
0.598211
1.01078
1.21573
0.606351
0.450643
1.66701
1.55268
3.32142
0.432687
0.0315404
1.23284
0.822474
0.526867
1.70414
1.71385
1.65457
2.24548
1.64817
6.28955
0.703124
1.58774
0.587045
0.304912
0.589451
1.93452
0.465424
1.16025
1.31807
1.52075
0.462602
1.05268
0.726807
0.270623
0.938624
2.13031
0.430369
1.41172
0.835875
0.204403
0.870078
0.959094
0.528962
0.875167
0.232113
0.910839
0.0983624
1.07836
1.01317
0.367528
1.92968
0.98801
0.398271
0.724446
0.153605
1.81795
1.47179
0.419221
1.38556
4.09035
1.24292
1.95194
1.43589
1.05822
1.9541
1.96337
1.70322
0.687744
0.775052
2.04117
2.16844
0.0975381
1.1369
0.752676
0.499322
1.59736
0.819833
2.14154
0.553412
1.7269
