Pressure
1.20755
0.183691
2.48341
1.0766
1.23097
1.70618
0.322643
0.849279
0.596271
0.43046
0.98456
1.53074
1.32752
2.5574
0.269855
0.708673
5.40421
1.88122
0.581073
0.259258
0.599909
0.0885634
0.453127
0.974333
0.761662
1.12897
0.900031
0.768003
0.18978
0.452698
2.20646
0.841848
1.66061
1.31717
0.188474
0.741064
1.57606
1.33048
2.51226
1.89598
0.523619
1.76483
4.43306
0.419432
3.37161
0.00511001
1.14975
0.478838
1.97278
0.901683
0.220949
0.353763
1.85935
1.66106
6.52042
1.90802
0.679421
5.53118
3.37117
0.411065
2.64296
0.233564
2.42213
0.429027
0.131507
0.297261
1.45014
0.878827
0.615387
0.51344
2.49228
0.68159
0.33898
0.765833
2.27293
0.896586
0.65799
0.532935
0.0849747
0.368261
0.3082
1.90065
0.204416
5.24881
0.0938727
1.32449
0.881083
0.223253
0.0589873
0.143191
0.652695
0.88329
1.21392
1.7455
0.108414
1.03243
0.308265
1.02421
1.63716
0.17511
0.30797
0.70848
0.922398
0.612093
0.985741
1.73984
0.688995
0.695502
2.03994
0.254437
1.40294
1.20726
1.81202
0.656312
1.03228
1.439
0.609616
2.86363
0.280237
0.185634
0.377109
0.76882
2.4101
1.11057
0.250324
0.329265
0.405498
1.23567
1.99587
0.451329
1.5548
0.656614
0.232256
0.718609
0.953288
1.8376
0.884743
2.73267
0.803289
1.91172
0.441998
0.403125
2.61744
1.06212
0.696402
0.326543
0.633241
1.23133
2.03211
0.495896
0.380262
0.83328
0.611758
0.536571
0.581909
2.63851
1.11482
1.36272
1.81983
2.60783
0.8467
0.462373
0.968616
0.884797
1.21228
1.12428
0.281608
1.45795
0.733141
0.139364
0.419256
1.74578
1.06644
1.05728
0.226363
3.56669
1.16905
0.696705
2.30771
1.91147
2.41486
3.38074
0.820307
2.97867
1.249
2.65658
0.937704
1.43815
0.782516
0.331245
0.481693
1.50026
0.60058
1.93841
1.63678
0.106986
2.09429
0.259187
5.65209
0.0608308
0.69543
0.438045
2.30071
1.13573
1.3035
2.54562
0.296879
0.410549
0.307099
0.906578
2.28912
3.29133
3.43118
0.135977
1.41411
1.6703
4.41371
1.08882
0.906308
1.53078
0.812122
1.22521
0.387011
1.13813
0.23812
0.675708
0.740614
0.561456
1.46172
1.88854
0.514135
1.12198
0.705685
0.682328
2.93956
0.771283
1.3639
0.883793
