Pressure, Change in distance between ball and goal
0,731.346
0,-827.29
0,538.019
0.00683333,2319.87
0.00783466,-2177.32
0.0135905,-1226.92
0.0143712,-1117.6
0.0156079,-3352.61
0.0173319,1537.44
0.0233292,73.8873
0.0304427,-943.79
0.0309446,-1832.57
0.0350215,-612.905
0.0360724,2224.99
0.0407282,183.416
0.0451089,46.4269
0.0471529,-2570.92
0.0528444,-365.022
0.056601,1267.12
0.0592833,271.035
0.0602147,-227.118
0.061022,-252.585
0.0637549,1417.21
0.0706718,-108.786
0.0725785,-546.941
0.0751931,-965.253
0.0752917,-909.615
0.0757144,-439.524
0.0757796,-122.342
0.0810024,600.305
0.0810881,-130.164
0.0816364,1643.5
0.0821483,-1823.95
0.0828573,405.793
0.0841833,49.37
0.0862978,-281.193
0.0863922,671.125
0.0864272,-444.565
0.0896269,745.031
0.09047,-1783.42
0.0964886,548.801
0.100304,579.891
0.103441,-473.548
0.104311,2036.18
0.106329,193.159
0.108022,1860.51
0.109088,1343.42
0.109301,1175.57
0.109794,20.4243
0.12156,383.182
0.123355,-120.826
0.124101,797.847
0.124734,-1259.58
0.124903,7.5401
0.126029,120.803
0.133609,-565.46
0.133844,345.111
0.14139,-1538.11
0.145446,-196.255
0.147412,-372.359
0.148794,-229.922
0.154878,-2518.97
0.155265,-155.881
0.158888,3304.46
0.159319,-1482.9
0.159797,306.307
0.161878,1758.2
0.16581,304.045
0.168226,1266.09
0.169408,347.248
0.171227,-458.789
0.171548,-185.614
0.172592,202.902
0.175752,-2986.8
0.178053,-667.706
0.178246,-100.602
0.178256,-1095.36
0.179345,-646.896
0.179777,273.473
0.180144,427.024
0.181201,-1565.89
0.181483,-2378.56
0.181808,-2438.83
0.182865,-1124.72
0.184046,76.9583
0.184908,-2504.63
0.186868,37.5544
0.188546,-953.459
0.188946,-1.34962
0.191284,-456.447
0.19143,732.046
0.192003,-881.439
0.193277,2237.66
0.193642,-1434.14
0.196851,-335.491
0.20223,-492.725
0.202379,1596.71
0.202748,-1189.13
0.203511,-245.69
0.204303,-1329.21
0.205182,-325.569
0.206753,-1103.84
0.206783,-851.887
0.20755,-341.758
0.208034,-515.955
0.208767,-409.195
0.209304,-495.19
0.210862,-821.951
0.216206,-2580.62
0.216577,-3624.28
0.217528,-2377.91
0.219955,-850.354
0.22114,358.196
0.225636,-949.119
0.227354,-1741.19
0.22763,-2329.34
0.230034,-569.271
0.230336,-1557.08
0.231146,-1433.1
0.232796,-777.879
0.232846,-83.8024
0.235538,1443.55
0.23906,-1429.77
0.241034,-2828.36
0.241057,601.734
0.243716,-548.628
0.244044,142.514
0.245166,600.949
0.245878,-983.791
0.24609,1291.97
0.246519,280.219
0.247964,-19.9087
0.24883,-2076.34
0.251306,1349.62
0.251425,-1365.63
0.251537,1478.98
0.252599,-2223.01
0.254934,1415.79
0.256134,-581.782
0.257179,-2602.62
0.25734,-713.158
0.257553,-13.5781
0.257618,72.9967
0.258464,-1688.55
0.258643,-549.603
0.259883,-939.476
0.261689,-1356.14
0.262685,698.466
0.264214,-508.957
0.265549,745.517
0.265876,1381.13
0.26773,-355.752
0.272725,-986.004
0.273131,-1071.23
0.273829,2030.62
0.274766,-862.652
0.276148,-2163.04
0.27637,1158.62
0.276458,-755.496
0.277392,-657.925
0.278244,0.609497
0.279026,-2568.79
0.280941,-623.449
0.281179,758.809
0.282322,771.936
0.282571,-1064.96
0.283666,-33.9753
0.284676,-634.252
0.288522,1841.11
0.288714,-2214.81
0.289361,-1670.41
0.289644,-1077.77
0.289792,-669.136
0.292853,644.147
0.293129,-2577.27
0.293701,-493.924
0.295891,-1505.88
0.29657,-600.023
0.297024,700.086
0.298974,-310.052
0.300111,-1581.19
0.300235,-2570.11
0.302527,-615.759
0.303198,422.462
0.305172,-121.398
0.305302,-1287.59
0.306806,-319.249
0.309052,-694.112
0.309328,2024.05
0.309763,-1581.52
0.310968,-741.927
0.311423,2491.4
0.311615,559.672
0.314221,108.711
0.314254,-936.653
0.314323,-759.291
0.315194,-826.094
0.317489,-2182.62
0.317614,168.98
0.317972,1044.22
0.319268,-477.666
0.320853,-1056.6
0.320905,-386.124
0.323042,-686.819
0.323897,1425.47
0.32488,-340.602
0.325877,-687.804
0.326704,-634.47
0.326999,860.167
0.32875,244.089
0.328873,-246.564
0.329748,-2261.04
0.332062,-2347.84
0.332728,-872.819
0.333227,-3859.8
0.335566,-768.267
0.335612,504.229
0.335749,-404.45
0.338436,-2101.19
0.339405,-628.081
0.339737,-2048.81
0.340989,-1109.15
0.341643,-910.254
0.341667,-2621.28
0.34192,2643.33
0.342313,1441.22
0.343039,-504.761
0.343708,-167.974
0.344071,289.449
0.344717,-259.25
0.344831,-2024.08
0.34531,-664.524
0.345643,-835.417
0.34648,-1763.6
0.346774,-1240.12
0.346796,873.892
0.347379,-89.3842
0.347998,-616.726
0.350709,-2252.73
0.351589,-25.0532
0.352236,-1145.46
0.352448,-1885.55
0.354065,-475.323
0.354838,1307.73
0.357899,-255.524
0.358277,1316.37
0.359873,-1485.73
0.361889,1018.37
0.361961,-2341.22
0.364041,1584.85
0.366009,-1121.07
0.366501,-1966.27
0.367508,-204.49
0.367689,287.891
0.370561,0.828105
0.371132,-117.922
0.372025,2732.24
0.372095,331.543
0.372817,-1396.57
0.374555,707.962
0.375191,54.7056
0.37671,-1561.74
0.37773,1215.02
0.378065,-2481.33
0.379036,-712.54
0.379413,1485.62
0.379483,70.3088
0.379985,-1443.18
0.381409,1067.44
0.381861,277.027
0.382684,-2241.78
0.385862,-25.6312
0.387795,-2154.21
0.388229,-2048.3
0.388985,-1413.37
0.389333,-1154.21
0.39026,637.668
0.391869,-1582.26
0.39254,316.869
0.39325,-47.0427
0.393621,-3107.65
0.394187,103.185
0.394212,-581.374
0.394414,-37.3566
0.396466,-512.763
0.396664,49.9106
0.396844,4.89391
0.399329,41.6552
0.400199,948.355
0.40073,-39.9884
0.401049,-110.838
0.402871,-623.663
0.40419,-819.997
0.405363,-3895.16
0.406015,-707.086
0.406018,75.6196
0.406436,-453.241
0.408269,-1547.92
0.412137,-1268.26
0.416023,-278.216
0.416111,-748.628
0.416201,-295.451
0.416927,-312.092
0.417121,-1488.31
0.417591,-222.616
0.417599,-2068.69
0.418624,-130.722
0.419022,554.506
0.419913,-936.969
0.420796,-1597.63
0.420797,-2306.59
0.421788,338.519
0.423581,1486.55
0.424585,-1619.79
0.424776,-1024.63
0.424913,310.47
0.426416,-51.388
0.427069,-117.738
0.427327,400.424
0.428018,-912.547
0.428238,-614.193
0.429512,-1354.85
0.430092,2343.17
0.430409,675.899
0.432528,-665.5
0.434885,-169.125
0.435384,-83.1789
0.436442,203.08
0.436893,-212.124
0.439185,-530.672
0.440514,-1135.53
0.440847,-1182.44
0.441847,1357.28
0.445378,-1205.39
0.446953,-772.135
0.447843,-1497.48
0.449337,2219.94
0.449824,-950.364
0.450162,-524.926
0.453583,-994.702
0.453937,-27.6383
0.454101,-1041.11
0.454893,300.457
0.455934,-1921.23
0.459118,622.808
0.45968,103.888
0.461054,884.475
0.462019,-3447.82
0.463449,-2349.46
0.463887,93.9929
0.467114,-1029.18
0.468864,-95.2999
0.470363,-812.617
0.471248,-1131.85
0.471683,-466.56
0.471926,-529.751
0.472288,332.365
0.473467,926.394
0.473666,-413.405
0.473853,2433.98
0.474374,-1431.77
0.474642,-2109.49
0.475008,461.077
0.475147,-918.95
0.475316,1218.72
0.476033,-313.085
0.476118,575.864
0.47639,-1764.23
0.476664,143.446
0.476746,481.813
0.477889,646.376
0.478339,62.0271
0.479922,649.528
0.480542,579.825
0.481223,-543.364
0.482931,-640.938
0.484835,-1376.07
0.486398,-425.139
0.487551,-1895.35
0.488973,-3552.51
0.489574,-1036.25
0.489716,-198.434
0.490277,-1015.28
0.490396,124.709
0.492954,-330.376
0.493459,-1122.86
0.496275,289.727
0.500341,-33.1611
0.501269,807.365
0.504333,-312.887
0.50572,47.3134
0.506112,2489.53
0.506417,-543.785
0.506756,273.622
0.507371,-3053.29
0.507832,-203.279
0.509827,1772.75
0.510015,-1282.84
0.510477,-60.5412
0.511933,-1217.11
0.513332,-150.026
0.513601,-729.003
0.51422,-492.004
0.5161,1024.55
0.516444,209.923
0.516794,-2101.56
0.517055,-1187.75
0.518549,-1958.05
0.518808,184.7
0.519282,-246.57
0.521562,-208.714
0.524375,-126.594
0.524499,2386.51
0.525395,1439.79
0.530971,-1247.1
0.534487,-5.37405
0.534609,108.971
0.535426,1829.41
0.535785,-1599.54
0.535897,21.1411
0.536411,-118.223
0.536605,-3081.46
0.537599,-190.353
0.537744,-1816.92
0.537766,-891.318
0.538279,-2260.19
0.539296,8.2413
0.539718,-1659.57
0.539942,-521.736
0.540022,-823.427
0.541353,1901.92
0.542233,-4417.91
0.542245,-2251.43
0.542986,-279.574
0.543859,586.806
0.545158,-225.338
0.546133,-942.775
0.546182,1855.37
0.547211,497.486
0.547543,-2558.96
0.547643,-683.528
0.547815,-3167.95
0.550416,-234.441
0.550609,666.858
0.551498,214.145
0.55151,914.473
0.551556,684.202
0.552243,-709.539
0.552304,548.913
0.553094,-862.511
0.553314,-643.139
0.554004,2882.46
0.554795,-1286.59
0.555068,99.51
0.556181,-1130.38
0.557718,-776.146
0.557743,-1177.11
0.558434,-3043.98
0.559818,-467.98
0.559896,237.054
0.560303,172.335
0.560306,-155.949
0.560651,-2169.5
0.561192,-1015.08
0.561266,627.592
0.562701,604
0.565649,-3713
0.565665,-732.999
0.565874,-1146.71
0.566209,237.418
0.567679,1724.46
0.567758,374.461
0.567954,2080.77
0.568435,2632.59
0.568721,42.4798
0.569883,215.389
0.570425,-139.413
0.572248,-293.995
0.574826,-868.895
0.57523,-433.634
0.5754,-277.886
0.576134,-1632.1
0.577062,-420.392
0.578472,-1439.96
0.578764,-297.299
0.579726,324.358
0.579758,-479.075
0.581721,-1142.4
0.58185,-2274.31
0.582869,1076.4
0.583298,-999.226
0.583691,14.3378
0.584029,1166.5
0.590012,-209.58
0.590167,1283.85
0.591292,-2195.48
0.593275,-123.409
0.59794,-1792.99
0.602449,-619.229
0.603526,1134.08
0.60372,-262.723
0.604436,239.316
0.604523,-2007.44
0.606179,-2088.42
0.607513,109.657
0.61157,-1665.83
0.611707,-11.1309
0.613721,-930.549
0.614815,-141.183
0.615116,1412.62
0.615596,-1735.54
0.617454,-96.6918
0.620628,87.1749
0.621378,30.676
0.622853,-632.414
0.623178,-763.005
0.624112,-405.322
0.626004,-3041.2
0.626261,-9.65463
0.62666,-1541.4
0.628213,1428.81
0.628614,-873.579
0.628815,-3712.3
0.629087,507.304
0.629405,-1403.88
0.629406,2989.8
0.629898,308.437
0.631019,281.894
0.632996,29.9379
0.633133,178.018
0.633209,-6.49687
0.633589,-711.247
0.634956,-772.785
0.635617,-17.3802
0.635619,-355.981
0.635741,-1054.35
0.640079,-1309.72
0.640997,-931.086
0.641471,-752.75
0.642624,-924.001
0.64278,623.422
0.643493,-942.245
0.643703,553.09
0.644259,-133.486
0.647339,53.8965
0.648113,916.756
0.648938,407.877
0.649288,-1261.63
0.650408,-1000.31
0.653231,-42.0668
0.65646,-998.131
0.657187,-1368.25
0.657638,603.189
0.657747,102.463
0.658092,204.257
0.658369,-1221.73
0.659885,-2029.8
0.660576,-3119.48
0.661378,-477.407
0.663862,-1559.13
0.6647,-2440.41
0.666047,1331.4
0.667824,216.933
0.669158,1445.95
0.672978,-2331.22
0.673762,535.819
0.674072,-1941.98
0.674205,330.652
0.675565,-2780.27
0.676253,-3234.4
0.676658,-206.237
0.677186,379.43
0.677211,-785.527
0.677822,-109.411
0.678214,-1034.68
0.682273,-89.8236
0.683071,-228.727
0.683185,182.353
0.683534,-1220.29
0.684668,46.0888
0.685997,-835.532
0.686015,-23.0667
0.686053,-310.661
0.686755,-540.214
0.687408,-2426.39
0.687812,-1582.85
0.68783,-305.577
0.687981,-4894.75
0.689066,379.605
0.689198,-1173.09
0.689717,-1029.04
0.690311,-4527.22
0.691698,-258.365
0.692897,437.594
0.693893,-659.529
0.6947,-2374.74
0.69545,210.416
0.695578,181.26
0.695676,-2811.17
0.695836,169.272
0.696466,3150.99
0.696679,-646.878
0.6974,-4765.25
0.697528,214.637
0.698746,508.943
0.700225,222.967
0.701991,-993.89
0.702049,-208.697
0.70257,-406.533
0.703686,785.963
0.704151,-43.3247
0.711503,108.807
0.713423,30.4716
0.713913,413.176
0.714153,-2010.52
0.715887,-1726.8
0.71688,-1274.53
0.717668,-361.674
0.721186,-1304.5
0.723677,-340.129
0.726531,-460.885
0.726991,-1737.91
0.728189,-816.303
0.729247,-829.605
0.72978,-647.152
0.730558,-3588.78
0.733455,-870.114
0.733825,442.78
0.736958,-2070.13
0.737008,-1248.58
0.737299,-2103.86
0.738769,396.245
0.741113,752.645
0.741196,-509.481
0.743752,1424.39
0.745017,-1653.58
0.745984,-1137.52
0.746968,-230.096
0.748448,-1877.21
0.749046,-736.056
0.749993,-642.443
0.750098,-42.1014
0.752329,298.073
0.753472,-647.437
0.753574,-889.74
0.75403,1537.93
0.754308,596.351
0.754436,-613.658
0.7559,-1137.63
0.76004,-1511.08
0.760559,780.316
0.762089,2210.55
0.764067,-1870.85
0.765406,-290.64
0.766713,-133.792
0.767421,-1045.5
0.770276,-1560.2
0.770409,-57.6688
0.771904,897.532
0.774945,-4093.65
0.775939,694.544
0.7785,-950.797
0.779634,-378.368
0.780516,143.654
0.782109,497.592
0.783825,690.91
0.784735,303.993
0.78541,-545.223
0.786197,-1002.63
0.786405,-1885.09
0.790107,657.343
0.791549,-1021.04
0.793819,1019.28
0.793964,67.7761
0.794584,-1152.54
0.79556,-734.749
0.797123,-207.645
0.79765,2865.27
0.797775,-653.617
0.798712,-1302.49
0.798868,-816.973
0.799087,-1441.27
0.803983,-1252.67
0.804147,-408.488
0.809198,20.5623
0.810364,-1209.03
0.810431,-505.249
0.810802,-664.465
0.811625,-757.735
0.812368,381.307
0.812795,-1779.48
0.814981,-31.0969
0.816016,412.23
0.819009,-746.835
0.819233,-1565.82
0.822793,-2200.08
0.822937,534.886
0.82756,-119.68
0.827922,-55.1185
0.830384,-1664.49
0.831207,-232.507
0.831344,-1340.86
0.833968,-2858.7
0.834101,-305.47
0.834605,-82.6138
0.835002,-2303.56
0.835232,-1254.03
0.837749,-223.539
0.837865,465.019
0.839103,-1210.68
0.8426,-1396.7
0.844914,-638.345
0.845939,-1773.74
0.846469,-1409.9
0.848131,-1071.44
0.849054,1715.35
0.851762,-1179.71
0.853265,41.6516
0.853615,-488.56
0.854634,-319.908
0.855667,740.736
0.858625,-539.711
0.859706,2053.57
0.860012,-1501.6
0.861403,-3907.16
0.861608,-874.375
0.865355,-702.258
0.86928,-777.972
0.870641,598.261
0.871265,-794.722
0.87135,-470.923
0.871748,-1177.93
0.872629,-1579.76
0.87383,-1595.38
0.874078,209.802
0.874238,-2045.25
0.882092,-344.434
0.882438,585.073
0.884385,-1215.64
0.885239,-2366.57
0.886388,-2411.9
0.886686,-1186.16
0.887798,730.632
0.890213,-1559.23
0.89078,-566.293
0.891363,-127.1
0.892165,-1365.93
0.895033,-1437.15
0.895162,-103.198
0.89612,-1161.19
0.898798,-1745.83
0.903625,-181.756
0.903885,-668.584
0.905661,71.0864
0.905933,-176.367
0.907054,388.155
0.909423,149.109
0.912691,-2328.16
0.91625,-751.956
0.917787,-1021.62
0.91841,-2463.31
0.920835,-1715.52
0.921848,-249.058
0.922746,-1460.03
0.923108,-1670.08
0.924764,1650.81
0.929275,662.211
0.93202,-220.591
0.932535,851.051
0.932881,-2092.36
0.935448,707.68
0.939247,-3287.14
0.940867,-299.723
0.941302,-225.74
0.943422,-1541.02
0.943514,-872.908
0.946253,-341.705
0.947204,45.9769
0.948717,-2799.39
0.949189,2227.42
0.949795,-1301.88
0.951034,-3385.97
0.95271,-61.1268
0.952826,-127.222
0.953143,-96.5753
0.956449,-1020.17
0.956573,1913.09
0.959002,-218.661
0.959538,-3337.13
0.961367,-2992.83
0.962789,-828.303
0.96296,-807.136
0.964839,3331.75
0.96805,129.136
0.968078,-103.114
0.970508,38.1091
0.971564,-1213.74
0.972807,-3222.41
0.973483,-1223.7
0.974467,-999.979
0.975902,-612.192
0.976068,-724.772
0.976856,-1846.55
0.978773,-1547.43
0.979193,-267.814
0.979698,-1534.88
0.980245,-912.092
0.981047,588.91
0.982224,-1723.53
0.982253,-530.364
0.983891,-148.038
0.984042,-548.584
0.984254,19.7237
0.986032,1215.67
0.98674,-206.799
0.991312,-1562.3
0.992427,-405.06
0.99345,1355.62
0.993678,-94.0882
0.995259,-439.965
0.997123,837.872
0.998019,-32.4677
0.998252,50.819
0.999019,-1280.48
0.999937,-1935.73
1.001,989.632
1.00142,-653.551
1.00249,-1424.01
1.00251,-1027.71
1.00257,-204.425
1.00278,418.256
1.00328,-641.154
1.01019,-185.606
1.01119,642.622
1.01298,-87.9703
1.0134,-615.181
1.01387,-803.479
1.01542,209.586
1.01658,-2183.25
1.01821,-45.2629
1.01867,-947.16
1.02171,-2215.25
1.0219,1101.42
1.02407,-1575.99
1.02816,-2526.8
1.02895,-233.63
1.03095,-947.276
1.03249,304.445
1.03281,1821.57
1.0341,168.558
1.03499,-1383.51
1.03521,436.964
1.03593,-813.735
1.03604,-4214.23
1.03772,-475.619
1.03954,2227.28
1.04345,-1919.3
1.0439,-247.991
1.0448,-1026.75
1.04645,-583.804
1.051,-809.392
1.05538,-1808.34
1.05546,-881.122
1.0589,-910.078
1.05899,-158.797
1.06118,-710.644
1.06562,361.135
1.06569,-3977.76
1.06787,1251.23
1.06886,-872.481
1.07074,-690.833
1.07142,3.02756
1.07244,121.802
1.07458,-336.847
1.07483,124.353
1.0749,185.297
1.07563,124.445
1.07569,894.164
1.07635,-3408.42
1.07805,-881.732
1.07838,-61.1083
1.07874,-1735.08
1.08536,-2551.05
1.08543,294.268
1.09213,-138.336
1.09347,132.338
1.09721,245.499
1.09899,-1067.31
1.09937,-424.07
1.09965,724.919
1.10007,1176.49
1.10007,-3324.97
1.101,1580.83
1.10258,-124.25
1.10333,-1257.9
1.10593,-165.244
1.1061,-2411.25
1.10687,752.516
1.108,-907.709
1.10941,661.208
1.11006,271.7
1.11062,121.078
1.11145,-71.4965
1.11723,-1087.03
1.12107,-3505.28
1.12129,-802.31
1.1236,-815
1.12604,-1523.83
1.12775,94.7243
1.13037,169.454
1.13049,554.147
1.13184,-247.824
1.13395,-269.944
1.13422,346.332
1.13741,-1914.21
1.13846,896.827
1.14093,1933.59
1.14287,-2397.11
1.14585,-947.853
1.15399,313.126
1.15606,-630.376
1.15624,344.57
1.1589,-1019.1
1.1599,1241.21
1.16478,-1110.47
1.16571,-320.959
1.16612,418.404
1.16658,-2144.75
1.16714,-41.7586
1.16721,-1323.29
1.16808,-1562.28
1.17638,-451.166
1.17693,-22.2097
1.17695,367.054
1.17746,1757.74
1.17998,1029.59
1.18666,146.16
1.18821,-51.7789
1.19387,417.652
1.19647,-478.661
1.19931,-2837.83
1.20054,-1407.48
1.20139,-1034.98
1.20153,57.9619
1.2037,714.082
1.20806,-725.147
1.21183,1199.34
1.2133,-1119.59
1.21822,-260.058
1.21848,-2078.04
1.21881,120.818
1.2193,-990.263
1.22036,676.249
1.22113,-1854.15
1.22534,79.0648
1.22691,337.93
1.22786,-1504.61
1.22803,-3082.78
1.23069,27.632
1.23614,-1258.08
1.23836,339.578
1.24018,-1193.83
1.24333,-160.878
1.24629,-546.935
1.24656,41.0918
1.25397,-848.755
1.25492,-519.812
1.25524,249.557
1.25607,120.543
1.25622,-1738.3
1.25756,485.343
1.26215,-1876.53
1.26279,316.517
1.26646,1022.7
1.2686,-278.737
1.26953,-1206.71
1.27678,1227.19
1.2784,-77.479
1.27841,-1154.15
1.27865,-569.927
1.27885,1177.25
1.28087,550.461
1.28136,2123.48
1.28778,-301.283
1.2924,63.2998
1.29283,250.058
1.29296,-338.249
1.29494,-869.072
1.29574,191.926
1.29831,820.506
1.29833,-1859.32
1.29972,-448.649
1.30219,80.6892
1.30442,-1298.6
1.30453,1750.86
1.3054,-603.671
1.30606,-370.423
1.30876,338.367
1.30965,280.027
1.31194,1426.84
1.31253,-656.916
1.31327,-227.318
1.31774,-903.632
1.31792,-408.016
1.31813,-121.043
1.32381,-463.462
1.32515,-159.185
1.32663,-1874.72
1.33536,-2201.82
1.33674,-984.847
1.33725,-451.675
1.33835,-237.417
1.33854,-204.448
1.34155,419.02
1.34581,-3790.22
1.34804,-117.35
1.34994,-1035.16
1.3536,-1074.3
1.35477,-127.475
1.36076,1027.36
1.36356,204.792
1.36584,453.816
1.36697,367.98
1.37374,-1312.63
1.37491,233.601
1.37532,-3484.56
1.37768,-1022.25
1.37809,717.148
1.37953,-695.847
1.38095,-1034.06
1.38425,-1509.15
1.38528,-95.5679
1.38579,-274.811
1.38898,-625.203
1.39001,237.175
1.39362,-2358.01
1.39412,-777.105
1.39482,-304.854
1.39676,-760.988
1.39723,-786.464
1.39737,-393.484
1.39973,331.877
1.40093,-158.183
1.4092,922.991
1.41368,-1209.86
1.41847,-473.183
1.42037,-1755.67
1.42043,207.321
1.42127,-478.112
1.42137,-282.004
1.42357,-47.1844
1.42619,-2247.15
1.42726,569.005
1.42872,-107.912
1.43633,-1175.76
1.44263,-743.741
1.44551,-2322.48
1.44983,165.73
1.45091,-1167.92
1.45177,-725.544
1.45287,-514.81
1.46225,160.922
1.4633,-129.62
1.46564,-2070.5
1.46904,-707.11
1.4708,-805.971
1.47537,1164.22
1.4792,-292.988
1.48177,202.554
1.48886,-3011.04
1.49122,-4088.41
1.49491,178
1.49801,-3.46673
1.50286,-251.758
1.50494,591.044
1.50718,-457.832
1.5074,-177.935
1.51195,225.164
1.51244,-180.446
1.51539,-773.33
1.51741,-1128.75
1.51798,1288.25
1.518,-96.056
1.5182,-228.018
1.52053,-851.693
1.52105,-1221.04
1.53472,385.74
1.54034,675.16
1.54367,-1797.31
1.5439,-911.474
1.54483,-718.806
1.54957,135.615
1.55266,1359.99
1.55353,-237.597
1.55647,1496.16
1.56151,1299.59
1.56725,-1116.77
1.56913,566.508
1.57148,-463.313
1.57828,349.201
1.58122,-1537.48
1.58329,-73.6406
1.58643,-848.412
1.58686,-480.93
1.59788,-270.578
1.59861,-590.824
1.60073,-1823.94
1.60125,-1205.39
1.60639,-1320.61
1.60679,-63.5462
1.60985,1165.11
1.62194,104.216
1.63726,1618.45
1.64113,-1610.61
1.65077,-726.809
1.65756,-2995.76
1.66069,112.828
1.66227,-135.511
1.67102,-3341.2
1.67761,-427.768
1.68798,-442.594
1.69016,98.7096
1.69327,-1366.97
1.69527,-1981.95
1.7013,764.77
1.70955,-2586.76
1.71369,-1788.13
1.71554,-712.066
1.71739,-561.738
1.71954,-1270.97
1.71971,-186.507
1.72308,-822.982
1.73278,-776.768
1.74206,-493.343
1.74813,-1366.49
1.7488,-2518.58
1.75554,-836.623
1.75711,-1696.34
1.75957,-1619.3
1.76396,-672.367
1.7648,-2003.65
1.7668,-162.146
1.76766,-615.664
1.77045,2539.95
1.77154,1706.1
1.77453,-407.603
1.77563,-1288.39
1.78266,-2244.81
1.79325,-1265.01
1.79758,623.023
1.79883,-1240.21
1.80166,-18.2541
1.81799,-1534.52
1.81917,-73.8563
1.81979,-258.922
1.82442,110.925
1.82515,-920.737
1.82669,1472.45
1.82929,-926.324
1.83164,-189.871
1.83568,59.1729
1.83823,160.653
1.83894,-64.9555
1.83955,-1043
1.84277,-197.117
1.84823,440.333
1.85009,-1800.1
1.85119,1939.49
1.85507,293.333
1.85526,-803.485
1.85925,-1973.31
1.86578,57.2598
1.86803,-1243.73
1.869,-4619.33
1.88301,851.372
1.88854,392.749
1.88942,-1579.53
1.90042,-376.801
1.92465,-141.153
1.92526,-217.422
1.9295,-891.321
1.9423,780.2
1.94758,680.217
1.95357,-1912.1
1.95698,-330.714
1.95891,-586.869
1.98372,-294.223
1.98789,-180.98
2.00595,-1284.8
2.0122,-1011.66
2.02466,-3181.67
2.04248,277.36
2.04591,-1976.9
2.04909,-1935.35
2.04918,-460.662
2.06328,-204.483
2.07785,-3800.73
2.08221,-174.045
2.0871,-475.354
2.09289,-1658.28
2.1276,-534.695
2.14594,-2871.04
2.16016,-3512.38
2.17028,-424.075
2.17336,-2074.45
2.18675,-71.7639
2.1917,-313.657
2.19449,-476.043
2.20678,837.911
2.20821,-794.745
2.20889,-691.782
2.20945,-221.703
2.21289,-1014.64
2.21439,-183.028
2.22343,199.867
2.23121,905.534
2.23169,-224.979
2.23563,-535.922
2.24806,-611.782
2.24824,1064.76
2.26476,-2824.55
2.26534,-501.879
2.26836,259.653
2.27027,488.173
2.27915,-581.561
2.29218,-1756.14
2.29334,-774.724
2.29493,-2908.62
2.29529,-132.176
2.29622,483.227
2.32926,-1274.38
2.33096,682.739
2.33959,-2060.8
2.34003,-432.092
2.35613,-2271.65
2.36064,60.2021
2.36149,77.2876
2.36768,-801.411
2.38346,848.925
2.38524,-154.246
2.39399,-2484.33
2.42692,-55.0881
2.43061,-1114.71
2.43387,-4228.66
2.44423,-373.813
2.44609,441.677
2.46261,-452.167
2.4912,-1271.93
2.49524,2113.96
2.56474,514.621
2.56816,-2784.93
2.59002,1470.68
2.59607,22.5532
2.62703,-1171.36
2.62729,-1223.24
2.64024,-1023.98
2.65379,354.305
2.65655,-613.346
2.66478,-1135.13
2.66548,363.762
2.73542,-614.624
2.74053,295.902
2.75478,204.828
2.78275,521.989
2.80675,-46.918
2.82133,643.665
2.82558,-1219.41
2.82604,-496.652
2.84023,-1297.28
2.84868,-1551.73
2.87206,-3881.93
2.88138,-2902.22
2.89632,-6.11959
2.93831,1334.13
2.95273,-1271.28
2.99472,-949.324
3.03781,-585.654
3.05391,-1578.58
3.09495,-2269.16
3.16355,393.542
3.24287,486.865
3.29169,-1385.32
3.38618,-451.09
3.4928,-84.0584
3.55097,-132.3
3.64056,138.373
3.64744,-11.0921
3.88849,2955.46
3.98179,-4791.09
4.19304,1668.86
4.42707,-878.514
4.42717,78.7016
4.85336,-262.903
5.05932,-385.249
5.07455,434.129
5.42311,-491.395
6.09872,1154.21
6.34573,135.948
