Pressure, Change in distance between ball and goal
0,-211.101
0,967.246
0,836.035
0.0144946,-2186.59
0.0147384,-2088.74
0.0155164,2050.48
0.0188714,-1051.15
0.020056,-1392.99
0.021188,428.867
0.0276303,269.577
0.0280893,1267.93
0.0294694,-1742.88
0.0319079,470.23
0.0335198,268.823
0.0373238,-867.103
0.0374732,-734.997
0.0386828,-391.667
0.0388802,-1275.51
0.040246,-616.198
0.0413657,-1459.18
0.0490316,1077.62
0.049116,-1271.3
0.0537428,246.235
0.0540445,-4401.1
0.0560214,305.435
0.0576122,-824.502
0.0576873,-973.142
0.0578738,1045.21
0.0579552,-1044.07
0.0582661,-1804.68
0.0603652,2256.27
0.0613561,-1281.74
0.0617339,-1156.08
0.0639001,283.03
0.0644489,-77.8772
0.0651684,-454.416
0.0657052,-2582.51
0.0679471,83.6716
0.0704666,1460.55
0.0708055,-991.238
0.0713998,1207.15
0.0763877,50.0298
0.0775673,209.724
0.0812223,1068.23
0.0816455,-1380.93
0.0825709,411.198
0.0862306,-2547.3
0.0887047,-945
0.0888938,-430.716
0.0934574,534.059
0.0935643,-562.343
0.0937801,-590.68
0.0967194,-16.8176
0.0972255,-2767.69
0.0995301,274.732
0.100054,331.249
0.10075,803.936
0.101162,-275.158
0.101443,-357.895
0.103046,448.454
0.105613,-763.309
0.106738,-688.286
0.107572,-709.49
0.108261,664.851
0.109263,24.5477
0.110988,2165.77
0.112354,611.501
0.114087,2554.55
0.115649,-1041.82
0.115951,-1312.5
0.116254,793.576
0.116382,-1545.08
0.116874,-866.419
0.118188,338.852
0.118832,-477.517
0.119609,-2909.05
0.121085,2115.05
0.121723,-426.008
0.123066,1193.18
0.12431,-1083.18
0.127498,687.603
0.127526,1225.11
0.127907,-226.843
0.128603,-1164.24
0.128772,-269.84
0.129831,-444.193
0.131035,-297.949
0.132735,-327.826
0.134647,-530.287
0.134675,-1756.41
0.135504,1962.04
0.135955,955.938
0.137057,-87.5611
0.138225,-1796.51
0.139505,393.75
0.140892,-1172.18
0.145683,889.564
0.14982,-845.755
0.150658,-1043.03
0.152744,911.089
0.153726,-2945.88
0.154029,-202.896
0.155256,-596.008
0.156868,-581.964
0.157483,-1003.32
0.158387,-738.654
0.160984,-624.438
0.16113,-544.895
0.161416,-321.567
0.163237,2499.76
0.163801,-281.994
0.164134,263.893
0.164505,-1643.12
0.164647,1533.35
0.165702,-730.089
0.165799,-847.346
0.167441,1119.86
0.167856,2176.96
0.168585,-1418.77
0.170026,-698.579
0.173655,-390.637
0.177795,-1427.67
0.177856,1036.53
0.178226,-1511.17
0.179583,-1035.94
0.184329,-1106.65
0.184631,-320.482
0.184903,-221.811
0.187117,-85.5254
0.188041,-1712.57
0.189167,-778.65
0.190266,-347.229
0.192504,-120.148
0.192623,-503.273
0.193024,989.353
0.193641,1655.61
0.196292,-787.383
0.196775,-2863.67
0.199932,361.186
0.202568,-478.161
0.202831,289.453
0.203752,-676.908
0.203795,-308.593
0.204191,2922.82
0.204515,-716.181
0.206624,-845.661
0.207126,46.3624
0.207811,-1597.9
0.208007,-703.128
0.211113,2836.49
0.211236,178.599
0.212872,-1859.35
0.213609,-1705.68
0.215687,228.856
0.216076,1339.06
0.217788,-1131.76
0.218811,196.838
0.219094,-1031.85
0.220012,-1656.9
0.221557,-2615.95
0.222232,631.661
0.222273,-966.111
0.223267,-1614.85
0.223269,24.8065
0.224651,799.885
0.228121,-413.168
0.228578,-3870.21
0.231861,-527.064
0.232478,-457.388
0.232492,-1438.89
0.233745,-742.783
0.235222,-644.656
0.235827,391.527
0.236165,866.471
0.237747,645.627
0.238596,-53.6403
0.243789,-1060.51
0.243917,643.224
0.244435,-457.742
0.244784,-461.655
0.245973,976.737
0.246335,506.658
0.246392,-2009.33
0.246647,-1014.98
0.247031,1183.22
0.248479,476.058
0.24848,-959.584
0.249095,1417.72
0.249733,-531.309
0.250053,33.6044
0.251771,-224.158
0.252044,-239.487
0.252529,-971.447
0.253546,-181.954
0.253567,-1616.16
0.253932,283.786
0.256147,-384.72
0.256276,-2460.38
0.257775,260.606
0.258291,596.491
0.25946,-71.8411
0.259587,-2007.66
0.261508,2193.21
0.262917,137.5
0.263391,-527.439
0.263733,849.483
0.266349,894.12
0.268191,-850.187
0.272834,-1020.57
0.273291,-273.694
0.274266,3897.18
0.27445,482.55
0.275212,416.541
0.277253,518.958
0.278988,-1302.89
0.27906,1139.86
0.279415,-3265.46
0.280662,-476.31
0.281904,-114.974
0.28286,32.4418
0.282892,2442.76
0.284018,233.075
0.284081,1417.52
0.286137,-665.662
0.286222,1171.6
0.286497,910.274
0.286633,-149.826
0.286803,-432.448
0.28755,644.717
0.288167,-1401.52
0.288452,-825.51
0.288837,307.741
0.290386,-6.31009
0.293479,-1242.08
0.293678,522.954
0.294341,-1396.73
0.294462,-2467.54
0.295637,-200.353
0.296066,-735.03
0.296067,-269.558
0.296522,-690.92
0.296528,-36.5759
0.296618,328.079
0.297109,-1665.87
0.297428,-571.038
0.297866,-232.057
0.299039,-1245.76
0.300335,1103.04
0.301681,-975.784
0.30174,-2217.73
0.302744,-1238.15
0.304152,-3443.9
0.304508,-1303.81
0.305756,-602.329
0.30607,294.949
0.306487,-1577.39
0.307166,28.454
0.308069,323.196
0.308455,-798.227
0.308825,61.7291
0.309563,-709.378
0.310062,-2658.16
0.310902,1443.33
0.313044,-1602.23
0.313135,-630.345
0.313167,-142.342
0.313389,-1100.84
0.313538,-637.211
0.31358,2770.05
0.313829,112.582
0.314655,399.7
0.314978,-43.4598
0.316663,900.326
0.317404,-1093.16
0.31788,-1050.79
0.318372,-448.776
0.318659,-922.33
0.318717,1239.95
0.322897,-963.585
0.324575,417.873
0.324794,868.685
0.324999,-1163.14
0.325417,-591.508
0.325705,237.634
0.325781,218.287
0.326254,-228.433
0.326475,862.247
0.326889,3207.08
0.327324,-284.291
0.32745,207.23
0.327721,-201.698
0.328303,-515.526
0.330138,-1109.84
0.330414,253.817
0.330748,41.5864
0.331107,-578.65
0.3317,-257.693
0.331943,463.157
0.332924,-1143.88
0.334011,-1765.55
0.334407,-1965.76
0.33458,-2305.6
0.334594,-22.0641
0.334606,-1293.92
0.335597,-722.064
0.336565,-811.014
0.337214,-237.457
0.337733,-851.112
0.33793,-362.228
0.338169,-852.385
0.340496,-1953.5
0.341338,1627.98
0.341468,119.332
0.342064,-661.559
0.342624,-64.0685
0.343055,-4086.42
0.344142,-1023.53
0.344218,-2930.41
0.344461,-659.108
0.344466,-2863.8
0.344967,498.749
0.345201,-978.138
0.34537,-3191.25
0.3455,-503.971
0.345537,675.834
0.345671,788.577
0.34575,1638.42
0.345929,-1962.12
0.346398,-1841.84
0.346951,807.703
0.347168,-752.101
0.347531,-1254.51
0.348294,83.4759
0.348607,1415.44
0.349512,-5053.7
0.351258,1073.25
0.353049,925.794
0.35307,-1405.98
0.353446,-1151.83
0.353641,-5.77045
0.353749,-927.079
0.353876,127.404
0.354918,-1624.61
0.355482,-631.171
0.355839,-86.4426
0.359109,-2755.25
0.359379,-184.276
0.359391,-496.966
0.361302,-557.6
0.362985,-702.946
0.362998,1653.86
0.363001,-973.276
0.36326,1969.44
0.364073,-1701.77
0.36411,732.373
0.364313,295.19
0.365368,-1110.88
0.365796,-138.565
0.367565,-130.583
0.367721,-362.902
0.369133,1517.27
0.369274,534.389
0.372926,-307.131
0.374501,-685.067
0.375058,-887.258
0.376346,536.22
0.378034,-209.782
0.379085,1096.06
0.379548,-1139.89
0.380829,4.80379
0.381718,138.919
0.382301,-309.124
0.383014,438.27
0.383504,-14.1664
0.384462,-951.821
0.384618,-736.661
0.384933,215.053
0.385164,-309.073
0.386908,-2383.24
0.38692,967.603
0.388083,-406.362
0.388124,221.098
0.390175,-1042.06
0.390815,393.1
0.391012,-1422.85
0.391874,-684.252
0.392255,-1587.34
0.393178,-329.352
0.393445,-848.5
0.394768,284.411
0.39483,-471.302
0.394955,-2228.98
0.395712,-1621.31
0.397054,-1123.72
0.397411,-765.098
0.397546,-814.315
0.397624,-657.345
0.398381,456.022
0.398814,-698.038
0.400625,-402.566
0.401048,2947.05
0.401592,1322.81
0.401749,145.684
0.40317,-351.409
0.404107,-456.777
0.404599,-2361.6
0.404607,84.98
0.405235,568.902
0.405359,-588.973
0.405563,290.109
0.406364,-47.0188
0.407741,-2221.97
0.408592,-448.704
0.408618,302.566
0.410296,697.37
0.412234,621.218
0.412925,-2671.73
0.41458,768.419
0.415014,-764.354
0.41532,876.088
0.416419,-83.6052
0.41662,1020.7
0.416994,-755.199
0.417793,-750.315
0.418188,711.617
0.418881,2117.51
0.423133,155.243
0.424018,-364.506
0.424422,-3497.15
0.425319,-835.291
0.425403,-837.354
0.425831,-154.737
0.426863,682.128
0.42936,-679.494
0.429641,-712.364
0.431043,770.948
0.433142,-1606.59
0.435077,623.939
0.435214,-1020.88
0.438324,-229.942
0.440205,-274.217
0.440473,304.638
0.442272,-66.6158
0.443165,586.744
0.444555,397.522
0.444568,-2288.7
0.445036,1278.33
0.445129,928.18
0.445185,512.931
0.446472,-558.302
0.446757,-85.854
0.4475,-733.839
0.447751,897.196
0.448084,-509.71
0.449261,-263.739
0.449273,85.9575
0.449739,-752.055
0.450456,-1607.97
0.450593,651.934
0.450782,1889.87
0.451361,-622.29
0.451748,-801.01
0.451822,3303.44
0.452665,-605.158
0.454909,-1369.74
0.455273,-1386.47
0.456254,-384.158
0.45695,-835.651
0.459936,597.148
0.460778,-606.323
0.461558,1036.25
0.46228,1278.99
0.463448,-95.7084
0.464539,865.082
0.464905,110.954
0.465108,372.835
0.466843,-872.681
0.467356,2297.35
0.467428,628.289
0.467631,-494.414
0.467735,979.008
0.46797,1993.22
0.469005,-69.0013
0.469563,84.3936
0.469606,344.272
0.471012,-294.694
0.471507,-1939.22
0.471599,-1318.15
0.472152,-1682.99
0.473445,-102.053
0.473766,-2178.55
0.474476,-3261.27
0.476714,1086.92
0.479146,-530.838
0.480286,2900.95
0.480581,-461.517
0.482113,160.126
0.482309,-887.789
0.482757,-156.703
0.482794,-427.471
0.483867,259.78
0.484944,-1297.08
0.485283,-55.7086
0.485665,796.49
0.485678,-2243.38
0.485925,-123.652
0.487938,19.6248
0.488713,-453.414
0.490517,1690.06
0.491074,1948.56
0.491533,384.901
0.491798,-899.83
0.492139,2045.41
0.492307,413.695
0.493351,-899.294
0.493598,-217.193
0.493754,-578.756
0.493876,-249.054
0.494038,729.425
0.494082,-1499.75
0.496092,334.701
0.496219,-736.894
0.496748,-1476.21
0.497105,-65.6682
0.498325,-688.67
0.499151,-770.291
0.499513,-1081.95
0.500441,-728.642
0.501525,-889.651
0.50181,-2118.29
0.502369,267.573
0.503222,-631.803
0.503231,-789.871
0.503555,-11.8659
0.506967,1091.21
0.507974,-2492.34
0.509168,751.677
0.50933,-1130.59
0.51082,-454.348
0.512609,-262.696
0.514238,600.866
0.51429,-1455.51
0.514991,13.1961
0.515961,-134.347
0.516176,-1521.62
0.516196,1148.15
0.516569,-2247.03
0.516989,-1770.19
0.517136,646.283
0.517747,2206.48
0.51816,-1815.11
0.518359,293.065
0.519137,1569.67
0.520591,1335.56
0.520849,-254.948
0.521847,-3276.59
0.526032,976.17
0.526123,753.891
0.528446,-2147.4
0.528589,-2262.08
0.529501,1151.31
0.531029,901.532
0.531327,919.846
0.531408,58.3384
0.534842,-80.4995
0.535351,-606.472
0.536925,-424.508
0.537617,841.512
0.537839,66.5543
0.539441,1223.71
0.539793,-3326.93
0.540646,-1711.88
0.541078,109.776
0.542494,-899.696
0.544589,-540.567
0.544932,-1240.65
0.545451,119.612
0.547168,-1460.2
0.547257,-633.324
0.547342,-277.127
0.547445,-1060.68
0.5478,19.9558
0.548671,-211.151
0.549603,-2590.06
0.5497,-29.4925
0.54994,-1044.81
0.551746,-1002.95
0.55357,-189.731
0.556183,-1471.78
0.556571,-2446.77
0.557111,-4800.92
0.55732,-545.31
0.557473,496.171
0.557698,1539.09
0.558571,1155.26
0.559031,-3667.02
0.560806,-2028.76
0.560976,-1180.85
0.561208,-772.956
0.562792,-1156.26
0.562813,981.726
0.562992,-461.608
0.564965,844.124
0.565141,891.797
0.566456,-449.057
0.567055,147.32
0.567158,-1321.94
0.567419,1427.98
0.567687,-1424.27
0.567762,-701.841
0.568083,259.073
0.568667,4.68348
0.569207,-3337.07
0.570236,-893.872
0.573581,430.991
0.574486,1944.84
0.574841,-942.833
0.575429,-629.337
0.575814,-651.599
0.57679,889.744
0.577713,341.817
0.577751,-1466.61
0.578545,205.503
0.578703,-785.273
0.57947,2023.81
0.580533,1182.84
0.580722,-2462.66
0.581351,851.25
0.582024,-1226.97
0.582234,-1433.01
0.582308,1322.22
0.584148,-3232.44
0.584965,1598.81
0.5852,-335.506
0.585581,-737.06
0.585612,227.787
0.586449,-2956.13
0.586498,1036
0.588784,-664.686
0.589309,-1383.62
0.589709,-49.4578
0.591164,-1399.72
0.592839,-1287.7
0.593372,-2603.59
0.596099,1307.56
0.596174,695.937
0.596496,82.1055
0.596519,-525.063
0.597712,-1052.91
0.598246,-941.822
0.598246,-618.096
0.600192,599.686
0.600421,-1170.03
0.600443,-1143.94
0.600868,2229.52
0.601665,-2175.32
0.603332,638.154
0.604402,-426.225
0.604639,-985.82
0.604794,208.735
0.605506,123.918
0.606707,-1354.06
0.606712,-1304.21
0.607845,179.19
0.607944,783.233
0.60803,-789.696
0.608991,594.732
0.609041,431.789
0.60924,368.121
0.609271,-1772.2
0.609486,-57.1997
0.609767,687.494
0.610553,-2334.72
0.611157,815.525
0.611304,-146.343
0.611321,159.747
0.611728,-1065.98
0.61214,608.421
0.61227,-1000.14
0.615562,-619.748
0.616297,-1571.31
0.616346,-423.447
0.617346,24.876
0.617668,-713.611
0.618272,6.33715
0.619405,-2356.58
0.622206,1472.36
0.622259,1164.92
0.622925,-2214.57
0.623336,550.612
0.623494,934.871
0.623961,-818.797
0.62455,-662.241
0.626198,128.463
0.626802,-510.47
0.626879,390.207
0.626934,-2923.37
0.627351,1050.24
0.630799,92.663
0.630912,699.788
0.631022,1084.56
0.631288,-188.47
0.631299,-147.787
0.632191,-581.461
0.632217,-1786.16
0.632271,1429.79
0.632517,-35.0879
0.63291,228.106
0.635165,-1581.83
0.637016,-1253.98
0.637366,513.43
0.638324,-205.441
0.639268,-785.262
0.639749,-1024.87
0.640671,-617.44
0.641484,-672.514
0.641588,-370.593
0.641808,1539.22
0.642333,-1561.93
0.64278,209.586
0.644679,-1405.83
0.645192,-1591.67
0.645949,1062.39
0.646339,-391.869
0.647136,396.981
0.648529,53.3477
0.648889,283.103
0.649595,96.4997
0.651759,-1066.83
0.653,-571.907
0.653145,1831.14
0.654965,-359.21
0.655691,-962.927
0.656166,2118.6
0.656354,-2046.3
0.656487,-764.409
0.657575,-2961.82
0.659989,-436.379
0.661714,-248.86
0.661828,-1380.94
0.662042,-0.547205
0.663134,401.929
0.663915,679.079
0.664068,144.78
0.666804,-21.3105
0.667337,1157.72
0.667389,-2342.04
0.667553,-372.184
0.667838,-1613.66
0.668492,660.265
0.668863,-432.208
0.669388,233.121
0.669839,-1076.15
0.671574,-918.21
0.671897,-337.014
0.67203,-153.875
0.672319,-1703.18
0.673282,-982.829
0.673548,1226.2
0.674035,124.461
0.676711,436.225
0.677008,396.832
0.67813,-92.867
0.679605,717.354
0.68013,181.044
0.681983,36.3632
0.684076,-704.227
0.68585,-768.391
0.685958,720.755
0.686484,73.1853
0.687303,-1401.73
0.688099,449.635
0.689111,-758.17
0.689789,-500.56
0.690022,1568.33
0.690413,-224.706
0.691049,-550.359
0.69367,-3548.83
0.694069,137.118
0.694655,125.838
0.69665,-334.252
0.696782,1201.51
0.69734,1653.34
0.698434,9.63633
0.700454,-2252.25
0.700841,-4197.13
0.700886,-241.788
0.702155,-1773.92
0.702221,545.806
0.702286,-765.813
0.702586,-1120.22
0.703239,-1931.57
0.705428,-1290.4
0.706274,-1069.68
0.706787,-1460.6
0.707572,290.862
0.708407,184.594
0.708676,1075.88
0.709658,-994.861
0.710107,-1198.84
0.710725,-555.678
0.711068,731.757
0.71152,-1387.03
0.712673,1401.56
0.713516,707.246
0.71404,746.519
0.71452,-1294.71
0.715307,-1327.13
0.715657,3232.81
0.715762,-2852.13
0.716387,1471.13
0.716511,-562.393
0.71719,740.32
0.717403,698.942
0.718161,-2049.96
0.719023,-655.466
0.719358,-1153.97
0.720426,-610.045
0.720825,220.721
0.720896,41.6242
0.721712,-795.809
0.72283,43.8127
0.723103,-446.649
0.723117,-305.9
0.725593,-1406.48
0.725895,-2167.84
0.725957,393.942
0.727626,-867.238
0.732527,92.5269
0.732672,1297.1
0.732701,101.427
0.73284,-472.784
0.733504,-3823.55
0.734911,1519.28
0.735808,30.6111
0.736711,-106.981
0.737621,-756.1
0.740188,-1210.71
0.740561,-424.664
0.740659,418.516
0.741967,-597.001
0.743694,-1203.6
0.745177,53.1395
0.747744,-218.38
0.747975,-1240.24
0.748842,-544.234
0.749136,-1677.93
0.749143,-1306.08
0.749357,-198.175
0.750617,771.77
0.750728,-1217.31
0.751146,-522.526
0.751769,1685.91
0.751877,-1191.28
0.753847,-518.217
0.755122,-837.095
0.756065,-125.769
0.757181,-771.482
0.757459,-382.875
0.758537,-518.871
0.759548,157.032
0.759952,2281.79
0.760811,-2315.16
0.761131,-707.236
0.765725,-1688.55
0.766198,-1868.98
0.766213,1665.94
0.766371,-1761.09
0.767273,-378.188
0.767432,-1255.03
0.767777,321.787
0.768216,-655.614
0.76977,-1828.08
0.771179,273.831
0.771438,-1241.37
0.772187,-551.134
0.772696,-597.923
0.773041,-659.77
0.773478,989.452
0.774027,267.665
0.775013,1796.54
0.775209,-1223.23
0.775831,97.3116
0.776435,1423.95
0.777837,1849.42
0.778031,-1128.91
0.778176,476.216
0.77861,-1508.97
0.779545,-236.728
0.78157,-64.7048
0.781951,-986.897
0.783184,-179.306
0.783617,583.613
0.784709,349.597
0.785229,-704.111
0.785747,-1338.02
0.785887,824.687
0.786311,-153.425
0.788196,-755.348
0.788376,131.767
0.78988,790.202
0.794664,-2233.63
0.795324,-1222.12
0.796396,-568.326
0.796911,-992.049
0.797374,-270.375
0.798507,-2000.13
0.799131,271.008
0.799731,721.14
0.800622,-616.548
0.802109,-512.951
0.802301,353.001
0.803168,-1569.18
0.803857,-1159.59
0.804319,638.105
0.804328,877.964
0.804598,719.127
0.805864,-1079.98
0.808045,-1716.46
0.808353,-1245.41
0.809165,-341.954
0.809191,-831.724
0.81105,-1402.26
0.812103,-482.789
0.812452,949.823
0.814391,-2240.33
0.814886,942.674
0.815048,-724.552
0.815968,-561.371
0.817253,614.63
0.819685,1323.84
0.819956,293.97
0.820184,-1005.59
0.820386,-970.503
0.820885,-509.328
0.823332,-71.6216
0.824034,-1418.8
0.824092,-817.315
0.824145,-919.959
0.825019,-649.692
0.827647,-1553.98
0.82807,-978.857
0.830433,261.955
0.83135,-1599.01
0.831705,-253.764
0.83291,99.1583
0.833775,575.376
0.836314,794.836
0.837796,-295.353
0.838286,1294.25
0.838296,-161.782
0.839192,-1742.75
0.839592,-78.9576
0.839652,1022.61
0.841872,1501.99
0.843418,-1669.03
0.843561,168.469
0.844603,-1039.62
0.844613,-97.5909
0.847656,1241.39
0.848106,-382.553
0.84851,-125.1
0.848524,913.597
0.84895,-1158.96
0.849891,3250.54
0.851481,60.3095
0.852312,-311.595
0.852496,-1973.8
0.854964,459.882
0.856117,162.188
0.861553,-1704.69
0.861979,361.664
0.8623,-390.02
0.862719,-899.905
0.862804,-361.903
0.86412,558.803
0.864251,-491.928
0.864686,-1586.62
0.868499,256.489
0.870196,-349.969
0.870347,1377.55
0.870369,619.62
0.871054,-2141.61
0.871127,-1455.7
0.87141,13.7787
0.871824,180.089
0.871903,-417.863
0.872059,-56.7563
0.872277,-409.888
0.872549,455.554
0.875575,-1182.94
0.878512,-863.025
0.881232,-770.797
0.884619,-723.387
0.885127,-1015.55
0.887854,-2035.75
0.888309,-678.627
0.888815,301.077
0.88926,40.8896
0.889859,-2192.27
0.890786,1634.33
0.893184,-1460.64
0.893239,126.906
0.893524,428.215
0.894212,1694.56
0.896841,692.921
0.897091,-769.689
0.897334,-2518.42
0.899176,-1370.82
0.899687,-1017.57
0.899771,231.625
0.902773,-2537.07
0.903348,-2015.34
0.904164,-1005.01
0.904878,-1234.63
0.905622,234.501
0.90801,602.467
0.909191,-368.456
0.909354,-113.642
0.910523,470.253
0.910737,99.7099
0.91158,-2161.61
0.91248,570.393
0.912557,286.009
0.913632,-2274.69
0.914567,316.891
0.915579,-526.22
0.916397,83.3568
0.916734,-1863.83
0.91899,-136.669
0.92097,-537.916
0.921249,90.2353
0.922728,-2628.91
0.922729,-321.489
0.924998,1953.74
0.925109,-380.073
0.925152,-73.5239
0.925341,-743.983
0.92799,520.931
0.930807,-1144.61
0.931637,-3130.6
0.931726,1204.72
0.9326,-202.201
0.932986,-2092.91
0.933621,-2288.43
0.934105,-130.126
0.934852,1646.88
0.934989,-434.351
0.93677,236.653
0.937161,387.056
0.937443,-206.011
0.940383,-1642.18
0.940568,-1284.32
0.944415,-352.296
0.944753,1466.28
0.944839,-319.842
0.946867,-971.752
0.947516,-2204.7
0.947618,-891.58
0.948359,-721.602
0.948991,-932.959
0.950672,1890.18
0.952645,6.59941
0.956015,-720.527
0.95639,-589.361
0.960684,-366.999
0.960738,-162.943
0.962367,-322.406
0.962501,-1061.77
0.962526,525.767
0.96303,35.4673
0.963672,-768.919
0.963944,-2201.07
0.965661,-370.393
0.965695,-248.114
0.966844,-2014.36
0.967897,1447.33
0.970106,91.4738
0.970111,-1068.32
0.971763,-716.11
0.974792,-1501.45
0.975298,-475.401
0.977699,87.3834
0.981968,-2237.3
0.982247,-1297.32
0.982498,-1709.27
0.984819,-2111.03
0.984889,-2110.64
0.985429,-634.133
0.986511,-665.335
0.992873,170.252
0.99348,1754.48
0.994549,-1975.48
0.994988,-177.969
0.996366,1296.41
0.996395,-888.312
0.997566,-724.061
0.997991,418.9
1.00229,217.057
1.00645,-542.922
1.00654,-80.5226
1.0069,-1344.93
1.00766,-41.3091
1.01019,-413.42
1.01601,124.07
1.01626,-664.209
1.0165,-308.533
1.01744,-180.061
1.01885,-267.405
1.0202,-814.663
1.02097,253.517
1.02444,-1775.64
1.02481,-332.428
1.02517,-1458.82
1.02735,-1392.17
1.02778,1244.91
1.02815,513.206
1.02975,-589.921
1.03213,1935.86
1.035,-1535.91
1.03521,-1513.49
1.03744,-843.697
1.03814,-19.4993
1.03822,448.971
1.0409,291.523
1.04103,-715.601
1.04148,-499.692
1.04174,302.493
1.04258,641.275
1.04324,221.497
1.04519,-1047.55
1.04594,-316.147
1.04615,579.424
1.04722,577.231
1.04848,-2041.06
1.05112,-1.98862
1.05881,196.21
1.06101,1302.64
1.06168,1105.79
1.06459,779.878
1.06472,-152.404
1.06622,171.498
1.06952,277.524
1.06966,287.731
1.07292,-597.683
1.077,442.631
1.07742,-216.139
1.08067,-1098.16
1.0842,-986.445
1.08758,-687.778
1.09221,-324.554
1.09224,-2433.62
1.09295,-158.544
1.09382,-1629.26
1.09423,267.701
1.09538,-520.583
1.09854,-848.976
1.09898,1119.71
1.09936,-1423.44
1.09988,-644.024
1.10129,-19.2286
1.10616,290.308
1.10626,485.086
1.10804,793.357
1.10891,-306.372
1.10906,-616.755
1.11513,-1087.54
1.11886,2210.04
1.1193,645.528
1.12103,-901.587
1.12209,101.573
1.1223,-67.5681
1.12362,-1029.39
1.12596,-1102.65
1.12683,0.116673
1.12986,1073.95
1.13077,-1882.17
1.13108,-695.199
1.13128,894.458
1.13135,-1102.76
1.13161,752.31
1.13211,460.931
1.13224,-4540.8
1.13389,-324.466
1.13389,-1042.57
1.13414,351.501
1.13668,1821.31
1.13674,-995.323
1.13842,-3364.62
1.14737,-2063.54
1.15368,-531.446
1.15423,-196.738
1.15559,489.039
1.15788,-1090.1
1.15917,-449.958
1.16629,-425.252
1.16794,1118.57
1.17493,1284.98
1.17569,-706.021
1.17864,-2027.58
1.17944,-251.672
1.18026,-696.673
1.18075,-825.827
1.18134,642.555
1.18137,612.525
1.18253,18.2325
1.18418,-1951.21
1.18418,-940.415
1.18661,-998.869
1.18717,-952.668
1.19077,2111.69
1.19201,-62.2058
1.19384,2373.2
1.19528,-38.5852
1.19628,-318.453
1.19872,148.685
1.20005,-903.392
1.20066,-892.308
1.20128,301.203
1.20198,-142.544
1.21433,13.427
1.21519,1118.44
1.21572,-260.51
1.21596,157.651
1.21733,-191.923
1.21753,-464.323
1.21756,-195.161
1.22365,1757.69
1.2238,757.878
1.22743,-66.6961
1.2301,-2388.93
1.23015,-754.304
1.23278,-1315.43
1.23353,1490.67
1.23552,-1971.74
1.23726,529.938
1.24005,-1102.63
1.24273,-1616.91
1.24396,-3456.44
1.24955,-234.079
1.25221,-338.603
1.25485,7.36073
1.25495,-1342.29
1.25701,-265.711
1.26338,-2235.93
1.26818,204.954
1.27183,105.274
1.27295,158.466
1.27433,-1288.32
1.27853,-1417.59
1.27996,-1570.17
1.28449,-128.8
1.28468,-1292.31
1.28587,207.963
1.28775,432.363
1.28902,-2698.24
1.29092,-3290.71
1.29125,-1405.62
1.29839,-429.373
1.29908,-34.5906
1.30077,-1727.06
1.30239,-276.241
1.30258,971.479
1.30536,-2152.21
1.30783,-607.95
1.3114,246.984
1.312,-521.461
1.31305,-2079.99
1.31881,-86.3516
1.32517,760.665
1.32546,-1727.06
1.32996,65.9663
1.33041,-1219.86
1.33058,-364.603
1.33442,213.058
1.33503,501.36
1.33717,-544.187
1.34431,-1566.87
1.35134,-393.432
1.35573,-1977.68
1.35789,429.386
1.35798,610.749
1.35835,131.889
1.35881,318.859
1.36012,575.648
1.3639,-882.388
1.36508,-119.757
1.37009,475.978
1.37533,593.633
1.38408,-4486.99
1.38412,-936.966
1.38439,-370.068
1.38897,-401.748
1.38957,-299.316
1.39008,-1012.77
1.39071,103.245
1.39237,384.967
1.39512,-1293.13
1.39601,-875.723
1.40062,570.529
1.40242,-1014.03
1.40331,-65.2094
1.40363,217.192
1.40546,-1147.59
1.406,348.467
1.40754,-611.221
1.40762,-605.798
1.40965,-713.214
1.41297,-716.208
1.4152,93.3784
1.41633,-943.413
1.41674,-1126.33
1.42221,-61.652
1.42577,-949.193
1.43493,-554.236
1.43593,-2308.09
1.43969,859.531
1.44338,-3137.32
1.44506,-230.397
1.44861,432.999
1.45017,1024.66
1.45397,2551.53
1.45414,-601.113
1.45458,-1128.2
1.46017,35.2613
1.47134,-88.9004
1.47793,-386.774
1.48021,-823.395
1.48268,1525.67
1.48319,1.34102
1.48757,233.592
1.48803,358.537
1.50004,-606.528
1.50725,1172.5
1.50862,-383.016
1.51358,-2611.11
1.51896,-785.547
1.52039,466.647
1.52057,-123.211
1.52599,595.055
1.52826,-333.71
1.5285,1740.51
1.53461,-469.534
1.536,97.3111
1.53825,-1134.92
1.53956,837.494
1.54314,1345.64
1.54391,-1401.65
1.54411,-277.687
1.5486,-339.276
1.54898,-2375.22
1.55189,241.017
1.55569,-630.897
1.55791,2889.71
1.55901,280.734
1.55962,-1723.74
1.5697,-607.474
1.57006,-1602.35
1.57084,882.787
1.57255,-1064.05
1.57304,1.80235
1.57409,567.825
1.57448,-64.1787
1.57701,200.781
1.57978,63.8262
1.58503,-704.465
1.58892,-2100.86
1.59087,679.344
1.59757,1715.96
1.59804,-56.5719
1.59981,-457.724
1.60307,-2103.25
1.60765,-1608.66
1.6151,-1078.85
1.61972,1444.94
1.62008,-1642.9
1.62047,155.529
1.62047,-218.185
1.62233,-800.62
1.62513,-337.929
1.62533,291.983
1.62991,-609.948
1.63061,1305.21
1.64153,-1385.68
1.6427,623.72
1.65314,859.428
1.65574,1462.05
1.65633,1291.11
1.66012,787.06
1.66027,-225.058
1.66122,-153.448
1.66444,-1829.89
1.67484,687.699
1.68022,-867.664
1.68119,31.5259
1.69333,591.203
1.7043,481.981
1.7044,-1170.05
1.70699,-1286.83
1.7099,-922.194
1.7111,364.839
1.71491,-508.801
1.71522,-1528.7
1.71981,-2388.67
1.72003,1339.09
1.72167,-1106.96
1.72742,-203.361
1.72996,-2105.63
1.73448,-509.839
1.73456,495.001
1.73821,2171.46
1.742,-286.459
1.74219,191.081
1.75733,-2006.62
1.76462,-568.39
1.7655,794.392
1.77012,-45.4968
1.77311,118.906
1.7874,-146.555
1.78741,2214.13
1.78868,-3.37954
1.79686,-1424.06
1.80156,-822.783
1.80275,-63.6089
1.80977,446.31
1.81005,-1396.58
1.81667,-1313.1
1.82506,-643.535
1.83299,-200.894
1.83669,-226.285
1.8438,-2709.63
1.8444,-933.395
1.8448,-1291.38
1.84802,-3000.96
1.855,520.593
1.85769,1304.53
1.85978,284.634
1.86227,152.214
1.86276,-21.9034
1.86482,630.698
1.87,-73.9103
1.87129,890.324
1.87594,1593
1.90668,-270.966
1.91484,-2046.08
1.92279,-147.128
1.92402,-202.491
1.93121,903.226
1.95083,199.315
1.952,1039.84
1.95496,2020.19
1.95851,-1259.84
1.96683,-2317.25
1.97081,-651.597
1.9722,34.3537
1.98362,-529.052
1.99754,-14.7421
2.00021,2113.92
2.00271,1193.81
2.01147,-70.8041
2.0202,-900.226
2.02555,-772.461
2.02836,-2629.64
2.03069,-340.996
2.03686,-809.679
2.04481,-912.177
2.0453,2503.48
2.04624,1794.88
2.06207,-1256.95
2.07178,331.363
2.08001,989.541
2.08256,433.48
2.08427,-2004.47
2.09113,-1391.7
2.09887,-1262.49
2.10153,288.779
2.10704,8.15298
2.11808,-694.195
2.1217,-496.903
2.13347,-284.265
2.13807,-1524.31
2.15099,-810.007
2.15207,2023.03
2.15869,1110.04
2.17354,-742.168
2.18571,585.455
2.201,129.961
2.20602,-636.17
2.21231,-861.453
2.21762,717.571
2.22521,-1753.67
2.2382,-931.339
2.24526,227.979
2.24665,1699.66
2.2737,-802.367
2.29274,-4972.76
2.30122,-199.754
2.30239,482.331
2.30662,-349.897
2.31346,2462.85
2.32471,181.986
2.33667,1761.52
2.34235,-808.974
2.35907,-992.946
2.36394,-709.361
2.39686,447.413
2.39686,1150.77
2.41131,577.126
2.41715,-141.347
2.41834,-204.533
2.42348,1005.39
2.43172,1935.46
2.43453,-2180.52
2.46964,3553.11
2.47505,279.933
2.47536,-1254.06
2.47608,-1727.06
2.48887,-747.498
2.4966,748.91
2.50882,389.941
2.5145,767.938
2.52875,132.519
2.53702,1382.7
2.55631,-1614.7
2.59075,68.7722
2.61558,921.074
2.63768,-2476.05
2.64057,-211.07
2.64258,565.231
2.66492,-3835.21
2.66509,173.908
2.69461,-1051.57
2.7316,-1547.33
2.75139,-753.192
2.75407,-1386.42
2.75825,-664.992
2.77552,-252.058
2.77921,-333.205
2.7904,-675.101
2.8179,-1107.36
2.8207,-537.004
2.8293,99.9895
2.83541,-401.658
2.83911,333.215
2.86541,-287.155
2.86653,-1915.95
2.87352,662.992
2.87437,-186.965
2.8829,-1019.03
2.90779,1516.13
2.94444,305.215
3.00014,-147.408
3.03396,-1618.47
3.06158,-1390.13
3.08032,-18.186
3.14819,-2143.44
3.1754,-1163.53
3.20166,-1661.63
3.25208,355
3.27914,225.813
3.32061,261.594
3.33714,-2298.87
3.35121,-415.093
3.41583,115.267
3.45248,-774.144
3.46609,-1345.16
3.46988,-1174.96
3.5457,514.019
3.59616,-976.212
3.65629,-1672.73
3.65698,948.108
3.67446,-764.025
3.73122,896.608
3.75959,486.754
3.79097,482.218
3.82232,-347.685
3.85033,16.3361
4.11437,-2352.3
4.16468,429.127
4.31843,-1417.75
4.51009,-1197.95
4.64847,653.175
4.96883,-918.046
5.50313,2660.13
8.50021,-1609
