Pressure
2.34975
1.14704
0.882634
5.43978
0.0126934
0.766791
1.8041
1.46363
0
0.97492
0.566103
0.384262
0.949128
0.0407029
0.683273
1.64161
0.157353
0.250196
0.545502
0.163536
0.606239
0.36207
0.28412
0.176363
2.1121
0.826401
1.26044
1.07633
0.798963
3.80118
0.485644
1.03975
0.523775
1.23886
0.265349
0.0444002
0.472922
1.20979
0.194832
0.822452
0.0249827
1.7142
1.06639
0.168298
1.11797
0.540075
1.56963
4.11589
0.390033
0.528807
0.0257339
2.9366
4.73478
0.089418
2.41006
0.195757
0.0321759
0.332589
0.777192
0.969129
0.742877
0.310459
0.143503
9.36732
1.27594
0.103113
1.51923
1.57482
0.472227
1.01266
2.29555
0.641899
11.58
7.8973
0.11821
2.69805
0.433892
0.938724
0.50866
0.981264
0.42465
0.584748
2.19793
0.411203
1.15117
2.26986
1.34337
2.4684
1.45188
0.819124
0.0139564
1.2626
0.932876
1.15531
1.86093
0.62391
1.49241
1.04029
0.420994
0.318551
0
0.453586
1.15213
1.25621
6.58318
0.764618
5.13542
0.863646
0.471355
0.486531
0.188949
1.24807
0.447793
1.23655
0.345991
0.10035
0.933271
1.32528
0.33483
7.65171
1.29766
1.2146
0.996447
4.7569
0.666874
2.65507
2.14346
2.17147
0.448799
0.635545
1.19701
0.588305
0.206915
0.0549347
1.44069
0.359383
6.2198
0.407943
0.81173
0.66132
0.321826
2.88517
1.57741
8.71104
0.41673
2.19061
0.190278
1.03994
1.28448
2.67854
0.50005
0.996761
1.17692
5.48801
4.04517
0.182825
0.481663
1.27007
2.1487
0.364662
1.66323
3.04246
1.92193
0.116183
0.541357
2.28078
2.95156
0.12193
0.374123
0.596231
1.52944
0.501221
0.458737
2.19653
0.618716
2.03672
1.72838
2.10433
0.657246
1.05723
1.32418
0.446246
0.635141
0.289956
1.01252
1.69015
0.502067
0.165162
1.97379
1.18571
1.77764
2.96183
1.74949
2.59957
0.418867
1.16095
0.378978
2.28462
0
0.515298
0.732184
1.22325
0.373265
0.472281
1.01533
1.16493
1.20376
1.21081
1.71289
1.18948
0.750507
2.46725
2.19092
0.703875
0.0223611
0.863426
2.39538
1.32876
0.192395
0.401028
0.185376
0.896994
0.720875
1.60896
0.475181
0.874808
0.579703
2.54336
1.31793
0.420512
0.653519
1.36371
0.631389
0.237651
0.484867
1.07797
0.811511
0.761876
1.82747
2.32034
2.1021
0.350183
1.49322
1.69281
2.33705
0.724126
3.20764
1.2397
0.591717
0.431149
0.485863
0.662807
0.0539224
0.856819
1.01668
0.54595
0.570053
0.629274
0.211
1.22769
1.04673
0.361859
0.093283
0
0.742711
0.850351
0.192931
0.883019
3.58017
0.435235
0.986294
1.13437
0.311041
0.857103
0.498575
1.57762
3.45804
0.338964
0.240407
0.534024
0.661774
0.816559
0.468569
0.138486
0.781506
1.19994
1.39104
0.211643
1.04925
0.526311
0.389373
0.849938
0.192824
0.485604
0.387796
0.300215
0.150634
0.703895
0.43566
0.967673
0.536579
0.639843
0.650819
2.98248
2.16572
2.63703
0.120227
0.704944
1.30336
0.610387
0.45481
0.865868
0.559892
4.89983
2.95264
0.744099
0.720306
0.801305
0.81376
2.57438
0.823794
1.03358
0.407591
1.54477
0.248733
1.69183
0.908116
1.02723
1.34618
0.901713
0.83501
1.53888
2.4158
1.69442
1.38181
0.881767
1.21912
1.34659
1.89017
1.21578
0.425434
1.5805
0.76261
1.09373
1.04054
1.71244
0.0745572
1.18775
0.832544
0.00909492
3.72023
0.720708
2.29528
0.79609
0.706715
0.229359
1.35393
1.64678
0.525285
0.752747
0.551653
0.448644
0.425674
0.234451
1.41354
0.645001
0.231329
0.788654
0.426148
1.00391
1.12282
0.406051
0.622587
2.16786
1.98706
3.42402
1.32255
1.91582
1.10055
0.317947
3.73549
1.05641
0.319117
0.624374
0.916
0.377636
0.296599
0.555222
2.1662
3.36059
2.2119
0.0544711
0.741968
0.815319
3.0826
4.84903
1.88103
0.340062
2.34262
1.07951
0.603511
0.180816
0.509968
2.43013
0.182391
1.4543
0.982163
1.87853
2.45771
0.25583
