Pressure
0.673478
2.1662
1.35104
0.646976
0.353357
0.259708
0.401815
1.07847
0.662551
1.55565
0.489744
1.23344
0.758205
0.203434
0.429009
1.15892
0.606294
0.382661
0.816051
1.91731
1.99048
0.519963
0.385464
0.470434
1.5369
0.219715
1.19987
0.632712
1.32434
1.24811
0.652815
0.322296
0.761354
0.46978
0.451356
1.67211
1.91564
0.760804
0.174075
0.215574
1.27677
0.914251
0.983201
0.85243
0.857742
0.337566
0.600164
4.38873
2.32276
0.909005
4.63411
0.334873
0.349509
0.751971
0.016041
1.35807
1.11722
1.45973
0.80188
3.18571
0.603544
1.39098
4.01102
2.75982
0.431191
0.777709
1.2163
0.830217
0.265292
1.44813
0.820353
0.915759
2.78792
0.912875
0.857464
5.75526
1.29164
0.385304
0.94107
0.534925
0.610963
0.552903
0.330297
0.204092
0.213614
0.896229
0.4272
0.529853
0.271025
0.814348
0.316999
0.759937
0.86463
0.756886
2.3931
0.586144
0.63536
1.46078
0.0746316
0.162245
0.347255
0.772842
0.330417
1.11528
3.10404
1.21724
0.358291
0.851421
0.768957
1.46851
1.46585
0.664536
0.69322
2.66793
0.546369
2.29655
1.32741
2.06164
0.845476
0.127299
0.807854
0.0636929
0.190913
1.40659
1.12254
0.238019
2.47235
0.703284
1.04946
2.15898
0.635723
0.691398
1.83307
1.66675
0
1.68423
1.24118
0.47825
0.77293
2.34867
0.261779
0.187657
0.891241
0.352813
0.854973
1.48338
2.43493
1.13602
1.44521
0.908439
0.979706
0.634225
1.34975
0.511108
0.748855
1.4107
0.42935
1.31304
0.188012
1.46637
1.26167
0.625231
0.597586
0.172034
0.304544
0.400664
0.83001
1.30954
0.329559
0.824327
0.503026
0.200762
0.841037
1.56527
1.85459
1.28182
0.878676
0.363828
0.306749
0.668175
1.40939
2.10232
0.642092
1.22776
0.378829
0.808788
0.596297
0.490066
1.02238
1.00914
0.693921
2.09763
0.948521
0.295699
0.374666
2.96261
1.9064
1.63023
0.587411
2.53285
0.948542
5.64883
4.35066
1.06602
0.891124
0.910939
1.87008
0.598211
0.193476
0.835927
3.26543
2.41285
1.45553
0.859211
0.802157
0.981795
0.499281
2.33644
0.450643
0.168258
1.74394
0.518674
1.76669
1.68855
0.525695
0.4563
0.321424
0.449501
0.153921
1.22566
1.14522
0.234214
0.580912
0.138477
0.526867
0.938238
0.387378
0.349689
2.20553
1.77309
1.65457
1.1972
0.461921
1.64817
0.858682
2.41924
1.35851
1.33157
0.848007
1.58774
0.368997
1.54177
0.304912
1.22053
1.93452
0.576281
0.089815
0.358677
1.38845
1.31807
0.632278
0.921566
2.11827
3.44222
1.52075
0.752634
0.476278
2.29583
0.471724
0.734059
0.917012
0.726807
0.333473
1.24811
0.938624
0.582033
0.307938
0.521461
1.18764
2.87869
0.3927
1.36551
2.14885
0.733967
0.789938
0.558184
0.430575
1.92202
0.959094
0.536606
1.41167
0.590103
0.875167
8.46562
2.37368
0.56341
0.736738
0.112354
0.0983624
0.817497
0.334822
1.33785
0.710213
1.13529
0.744149
0.416714
0.672569
0.367528
1.52752
0.0773115
0.873952
2.38325
1.81362
0.304206
0.98801
0.398271
0.212194
1.53125
0.795609
1.55938
0.196013
0.291702
1.19744
1.99059
1.94212
1.79273
1.24292
1.06642
0.717039
2.22393
1.12762
0.370634
0.574615
0.624087
0.246882
0.654301
2.19799
1.16271
1.96337
2.53103
1.70322
0.319568
0.532247
0.32414
0.542772
2.1463
1.24487
0.235652
2.16844
1.61258
0.143659
2.49848
0.711428
0.62669
2.8716
0.977819
0.471744
2.84171
1.59736
0.597711
1.19389
0.429835
1.59469
0.64589
