Pressure
0.913428
0.196793
1.06199
1.17194
1.0213
0.874101
0.750812
0.51945
1.70618
0.25168
0.234504
0.805115
0.322643
0.431746
0.0662615
0.810424
0.63656
0.912293
0.98456
0.896848
1.71447
1.28214
2.5574
0.539687
3.95498
0.269855
4.38321
0.654124
0.256155
0.87729
0.708673
3.50772
2.25999
0.69469
0.259258
0.38864
0.599909
1.03614
0.40216
1.56853
0
0.683451
0.111339
0.360405
0.800628
0.716825
0.450983
1.52847
0.69848
0.162577
1.02881
0.111032
0.0796567
0.584792
0.980863
0.571767
1.12897
1.03539
0.18978
2.07638
1.10567
0.206636
2.30834
0.732452
0.140067
2.62425
0.846912
1.22097
0.188474
0.646062
0.741064
0.382092
1.57606
1.33048
2.54869
1.58164
0.523619
0.326545
1.60555
5.26451
1.76483
1.41243
4.43306
0.289594
0.261118
0.243725
3.37161
0.00685967
1.90357
0.59986
0.968491
0.381598
1.14975
0.420509
0.597768
0.742083
1.57246
0.243801
0.388235
0.187139
0.246809
0.450352
0.69876
0.697064
0.677517
0.546672
0.331861
0.567876
0.726718
0.72732
1.66106
1.0723
1.43348
0.340531
4.83174
1.50252
3.03296
5.53118
0.0986657
0.813002
2.64296
0.436939
1.18632
0.255567
0.117968
2.42213
0.290321
0.421721
0.385076
2.48032
0.443008
0.131507
0.097642
0.297261
1.60028
0.407902
0.207727
0.871716
1.00667
0.133584
1.14535
0.772734
0.339281
2.49228
0.68159
0.33898
0.457659
1.11024
1.29605
0.345004
0.896586
0.579444
2.10191
1.38631
0.459868
0.195734
0.0849747
0.368261
0.3082
1.00405
0.164531
5.30127
0.0567033
2.1746
0.0353232
1.78904
0.286648
0.708031
1.19949
0.881083
0.795474
0.70399
0.636737
0.849298
1.27213
0.889519
1.9212
1.26758
0.104834
0.731912
0.364286
0.227305
0.365185
1.65284
0.627306
0.639273
0.476082
1.20883
1.71277
1.21392
1.05347
0.986847
1.26675
0.0891661
0.284379
0.170811
3.73138
0.636923
0.358091
0.13905
1.63716
0.343998
3.80983
1.04688
0.573774
0.847326
0.99434
1.42159
0.398272
0.758259
0.160223
0.678399
1.96441
0.743354
1.04837
1.07463
0.612093
0.985741
1.73984
0.688995
0.671447
1.77609
1.77823
0.107939
1.38871
1.24384
0.254437
0.390499
1.40294
0.338035
0.95495
1.20726
1.17959
0.618196
0.985157
0.663653
0.463702
1.19486
0.740261
1.439
0.666504
0.250866
1.43382
1.38264
0.511334
2.38716
0.332942
1.0319
3.04789
1.14439
2.64672
1.17823
1.44594
2.85271
0.448235
0.203473
0.76882
0.994911
1.78089
2.4101
0.194885
0.192483
0.0951783
0
0.128012
0.276348
1.23567
2.24673
2.72063
2.6365
1.5548
1.20923
0.952163
0.747781
1.29074
1.31039
0.232256
0.718609
0.899698
1.8376
0.884743
2.18022
0.942922
0.0557526
0.808804
2.73267
0.803289
1.91172
0.480176
0.962663
0.213046
0.397411
0.31344
4.48819
0.488061
0.403125
3.91027
3.28945
0.578549
2.50704
0.292823
0.28226
0.373375
1.11703
2.03211
0.547045
0.0596494
0.310165
0.846197
0.0748413
0.728589
0.93437
0.0379977
0.611758
1.38117
0.893972
0.896395
0.650547
0.33695
1.02618
0.354843
0.7642
0.617533
0.948373
0.59638
0.282797
0.470132
2.63851
0.567615
2.0987
0.984411
0.56693
0.770189
1.81983
5.32995
1.93606
0.626726
1.02486
0.462373
0.968616
0.884797
0.705484
2.25085
1.1812
0.94231
0.501709
0.281608
1.36901
1.40448
0.33311
7.92621
0.141701
0.733141
0.86839
0.389625
0.419256
1.562
2.14425
1.74578
0.777149
2.75498
0.703762
0.226363
0.6756
0.0290852
3.56669
0.784479
2.05312
0.558576
0.735422
0.63256
2.4213
2.77042
2.30771
1.56272
0.372145
1.24907
1.64068
2.41486
1.03683
2.44079
3.38074
2.47574
0.529976
1.16085
1.50799
3.47001
0.968548
0.955063
0.946151
0.261726
1.48455
0.916772
4.00051
1.249
2.65658
0.121766
0.937704
1.43815
1.08407
0.65544
0.782516
0.331245
0.0370342
1.29002
0.60058
1.67983
3.16499
2.18571
0.530529
1.93841
0.643974
0.0965389
1.41713
0.00332142
2.09429
0.259187
5.65209
0.701515
0.683119
0.888609
0.352041
0.971897
1.41037
0.972845
0.750791
2.23664
0.374635
0.468888
1.3041
0.620345
0.185424
3.00064
1.27108
0.296879
0.130875
0.124954
0.594122
0.906578
1.02927
0.309876
3.63635
1.15762
3.86959
1.29408
0.818885
2.82937
0.584763
2.42397
2.25321
3.68339
0.717053
0.814069
0.452997
0.100936
1.24364
1.13488
4.11216
1.49663
1.32424
1.29248
1.6703
4.41371
1.84629
0.418182
1.30982
0.577436
0.402349
0.480804
2.12581
0.0420318
1.82294
0.906308
0.798088
0.767177
0.717443
1.22521
0.361063
0.0908854
0.609491
0.477778
1.07478
0.696817
0.530969
0.675708
0.668255
0.472898
2.32186
0.53157
4.6353
0.211767
2.05761
0.354465
0.674012
0.342072
0.467242
0.699083
2.18758
0.889287
0.600242
0.633954
1.73995
0.682328
2.93956
1.3639
0.883793
0.203739
1.02937
1.53909
0.803098
