Pressure
0.832448
1.22325
1.15026
1.17244
1.42949
1.88624
1.14294
1.26253
0.926023
2.95506
0.113835
0.973848
1.1727
0.122951
1.61194
0.723766
0.280886
0.605177
0.592087
1.40729
0.18061
0.314697
1.15082
1.73732
1.60767
0.545311
3.31381
1.30978
1.50061
0.606924
1.44648
6.29298
1.09673
1.07269
2.4234
0.748279
0.702852
0.644937
1.71084
0.665129
1.32361
0.207918
1.07701
3.14304
0.895728
5.96764
0.535726
3.2801
1.06469
4.82309
0.701621
2.87581
0.37336
1.80898
2.03912
1.10945
0.622779
0.843481
4.69043
1.62566
1.45212
0.212711
1.89097
0.296106
1.14266
0.560821
1.05739
1.13958
2.48807
0.324355
0.234189
1.67936
0.459147
1.94783
1.91201
0.411556
1.27623
0.207482
1.55865
0.721319
0.853175
1.91567
0.808925
0.422004
0.324373
0.799523
4.5205
0.0112087
0.239833
0.635519
1.88146
0.25477
0.489759
6.44946
0.882587
3.69638
3.3137
1.13681
0.963656
1.18293
0.77927
3.75938
2.71538
1.32484
1.76726
0.693191
0.391088
0.682632
1.73052
0.810061
0.39326
1.21853
0.979703
1.20727
0.145222
0.678522
0.983472
1.48579
0.263564
0.267036
0.692017
1.21222
0.778589
3.00629
1.85128
0.498563
0.924186
0.149801
0.811991
0.350805
0.751585
0.521759
2.01199
0
2.36507
0.28024
0.378365
0.119204
