Pressure
0.41921
4.02121
0.295376
0.852186
1.03175
0.396699
0.773487
1.07396
0.15688
1.53267
0.277932
0.876765
3.26241
0.67815
0.416335
0.398903
0.159527
1.08953
0.214643
0.779506
0.111939
2.63471
0.0703763
3.16528
1.53344
0.113975
1.70203
0.70722
1.49614
0.853916
1.49706
0.513091
3.11021
0.0322641
0.490381
0.594684
2.10433
0.76673
0.356788
0.398587
2.67923
0.332531
0.655576
1.36332
0.966559
2.22611
1.60439
0.261844
0.760512
0.386866
0.54198
0.6229
0.465657
2.06661
0.549072
0.979925
0.625726
0.0429274
0.946746
0.5136
1.11433
2.01588
0.464505
0.647696
0.381365
0.119823
1.99564
1.02854
0.177497
0.867936
1.30536
1.15029
1.69305
0.415743
0.837367
0.751147
1.97801
0.356709
0.630797
0.215567
0.608333
0.0595926
1.11105
1.97311
0.201362
1.58879
1.03269
3.15509
1.63189
0.865379
0.787324
0.319366
2.85841
0.434201
0.331963
0.46968
2.23459
0.830025
0.946888
0.595232
0.328406
1.28005
0.0803869
1.08365
0.630589
0.115079
1.22497
1.00751
0.941237
0.575311
0.482677
1.1107
5.34597
0.279748
0.512685
2.15861
0.417013
0.280032
1.11575
0.909985
1.76919
0.294856
1.58043
3.33951
0.517564
0.796259
0.858592
0.85583
4.00518
0.315164
0.204039
0.667882
1.41657
0.330578
1.59646
1.73108
0.926876
3.93571
