Pressure
0.56508
2.91817
0.173953
0.565008
0.837816
0.762508
1.06506
0.163094
1.67964
0.286784
0.903445
0.663257
0.743211
0.572498
0.259366
1.94858
1.73812
0.513145
0.491643
0.407258
0.627406
2.65575
1.60397
0.705885
0.0663034
0.461418
0.213674
1.83694
0.362592
0.730227
2.14569
0.67081
0.0365362
0.586511
4.12727
1.16994
4.69706
0.15825
0.561435
0.778585
0.441196
0.972516
1.55362
1.54794
0.368741
0.333887
0.834738
0.682288
0.331636
0.590104
0.425172
0.629362
4.37687
0.947567
0.131301
0.605123
1.14711
0.462266
0.592088
0.540678
0.323154
0.561407
0.365802
2.15589
2.52789
2.11479
0.281839
4.28214
0.306228
0.486145
3.9432
0.752264
0.566484
0.674762
0.160736
0.598323
0.816859
0.537089
0.815633
1.36486
0.0888383
3.71299
0.180529
2.28054
4.0153
0.189282
0.234719
0.465525
1.05132
1.02611
2.46686
0.329037
0.345384
1.50133
0.103077
1.22535
3.73983
0.985607
0.138855
0.512285
0.44541
0.423382
1.29781
0.189012
0.325254
0.42329
0.174484
0.901537
0.36357
0.936269
0.681701
0.866717
0.647782
0.5586
0.731758
1.36068
0.0984634
1.18497
0.299993
2.67252
0.661913
0.431352
1.1301
0.550842
0.330042
0.696578
0.340194
0.389671
0.489742
0.559606
0.690651
0.705165
1.186
1.38329
1.91877
2.30268
0.336091
0.759086
0.188542
0.322255
0.638001
0.726716
4.46254
0.0303416
0.365759
1.33652
0.998048
0.999633
3.26068
0.803606
1.92756
1.69439
1.02516
1.87158
4.3258
0.20934
0.483443
0.63825
3.95262
0.794333
1.41471
0.323403
0.968724
2.16452
0.914693
