Pressure
3.69444
0.260489
0.920359
0.518866
1.0992
0.181803
1.66269
1.02561
3.7104
1.0198
0.349672
0.985484
0.136245
0.913583
0.824863
2.95524
1.81207
0.184173
1.95102
3.50872
0.667202
2.88598
1.43525
1.04534
0.966065
0.835529
0.0873938
0.262042
2.65382
0.429343
0.851442
1.69919
1.04162
0.532244
0.785229
0.899764
2.60443
1.71428
0.399461
0.767614
2.24233
0.643093
3.53471
0.884325
0.716347
0.408809
0.204299
2.76187
0.486349
0.642181
0.555484
0.164986
0.70994
2.73719
1.38396
0.209646
0.394754
0.289326
0.884123
0.763015
0.614754
0.364631
0.0541194
2.8773
2.60603
0.597966
0.659709
3.93703
2.61817
0.825064
6.57335
0.691691
2.10434
0.0893705
1.85012
0.904255
0.745202
1.0936
2.62538
0.481557
2.24555
1.86959
2.35636
0.945364
0.988881
0.468474
1.45421
2.35875
0.85322
0.56482
1.18122
0.829481
0.804271
0.475669
0.227526
1.90708
0.386861
0.800452
1.21873
0.84233
0.423487
1.16143
0.307021
0.598166
1.0144
1.12849
0.301107
0.0876561
0.893182
0.857853
1.37224
2.04513
