Pressure
1.58602
1.18834
0.156816
0.98359
0.970328
0.0570776
0.555114
0.949275
1.71425
0.472686
1.53379
0.683671
0.712434
0.930358
1.02349
1.63033
1.1998
0.437802
3.22963
0.889725
1.70062
0.620914
0.946081
1.32139
0.510629
0.295124
0.353098
0.00982767
0.692638
0.274197
0.38475
0.549369
0.536047
1.05058
1.03336
2.0173
1.67956
2.11129
0.301507
1.36011
1.55425
2.00692
1.41123
0.699383
1.1697
1.11928
0.274742
0.212488
0.970211
1.22821
0.594563
1.01919
1.84421
2.32621
0.381326
0.846982
0.712604
0.607603
0.432683
1.16516
1.39289
0.888449
0.818347
0.98288
0.677648
0.65868
1.35062
0.795326
1.09396
0.692018
0.396783
0.484384
1.20879
0.206995
0.350386
1.35855
1.79028
0.555592
0.414221
1.1632
0.331821
1.1573
0.824425
1.08266
1.26318
0.290373
2.34119
1.26789
1.12512
1.69644
0.679883
1.17448
0.727616
1.2335
0.187534
0.921655
0.526165
0.698722
2.40178
0.18708
1.0061
0.217799
0.925158
0.18873
1.22581
0.041564
1.02852
1.34219
0.910388
0.274111
0.102741
0.631156
0.477179
2.32088
3.48263
0.945601
0.694873
0.59721
0.442564
3.35497
1.03641
0.297418
1.36984
0.724706
0.422192
0.464585
1.71261
0.825774
0.570862
0.589807
0.762709
0.445313
1.18916
0.173675
1.08747
0.497578
0.887368
0.770213
0.365961
0.156585
0.246221
3.09647
1.47677
0.717571
2.12313
0.788328
1.98329
1.56556
0.812898
2.30953
0.159235
0.404985
0.725714
0.607262
0.16927
1.46157
0.557
0.952613
1.3699
3.2181
2.01085
0.614754
1.29886
1.43528
0.389892
1.08789
0.591789
0.3457
1.04329
0.00410739
0.531184
0.393666
0.479615
1.64985
2.74902
4.44073
0.532585
1.88565
0.608865
0.165012
0.477863
0.388116
0.5006
1.38909
0.423001
0.488834
2.24876
7.10299
1.81765
0.637316
2.17526
2.39728
0.958503
0.478442
0.32749
1.65907
0.789766
1.74118
1.14768
0.665353
0.824198
0.61964
1.84014
1.13861
1.17324
2.98213
0.82482
2.08344
1.64711
0.32857
0.954815
0.426094
1.70109
0.0312906
0.338602
0.945447
0.282713
0.991874
1.51478
2.03511
0.901828
0.784693
2.86703
1.1252
3.37688
0.826511
2.03206
1.23914
1.60285
1.46448
2.0382
1.883
0.861929
1.74897
0.34395
0.411473
0.585341
2.18104
0.0997111
0.652353
0.49437
1.18183
2.84218
0.955891
0.798104
1.10262
0.670266
0.927452
0.686903
3.73478
1.76506
0.270391
2.09947
1.06807
0.50807
1.73505
0.886693
1.87373
4.18899
3.56626
1.33059
0.255571
2.2323
1.00245
0.25865
2.79976
1.02812
0.827917
0.285987
0.6803
1.75517
0.741647
0.480592
0.396943
1.19546
2.89442
0.72223
0.282975
0.622079
3.36543
0.228021
0.438355
0.475323
1.43416
0.145035
1.08359
0.516043
0.959626
0.0563371
0.625312
1.84741
0.835078
1.29691
0.505884
0.317245
3.10208
1.50485
0.58962
0.632318
4.17569
1.20049
1.68418
0.463159
1.28215
0.782326
0.578039
0.207989
1.20703
0.874114
0.243413
0.160504
0.328775
0.764879
1.82811
1.79568
0.504067
1.2363
0.200939
1.75757
0.77049
0.0828444
0.559757
0.926723
1.37216
1.06467
0.892581
0.214063
1.16571
0.117156
0.756036
1.03347
0.401452
0.415058
0.294575
1.51419
0.827689
2.97931
0.749621
0.775517
1.32417
0.25062
0.403711
2.92266
0.484643
2.17403
1.06352
0.376604
0.906948
0.275547
1.96379
0.596485
0.43582
0.204868
1.29702
2.35141
0.447276
1.93071
0.845332
0.569468
0.374824
1.42264
0.500618
0.557762
0.150002
2.8616
0.216673
1.05797
0.388019
