Pressure
1.35306
1.75332
2.10441
2.05572
0.674254
0.395126
0.549963
2.2678
0.633758
1.75175
0.316929
0.601347
2.00618
2.19142
0.856769
1.46317
0.484445
1.1911
1.64942
0.39886
0.531266
0.490423
1.26447
0.385163
4.35616
2.21856
2.68958
0.456459
0.775724
0.365385
0.632925
0.188599
0.428327
1.33756
2.8615
1.35351
0.9126
4.45962
0.430569
1.37338
0.409763
0.36194
0.842957
0.196999
0.636736
0
0.704937
0.0480499
1.24081
0.678425
0.207586
3.40445
0.421308
1.9295
0.944062
0.188629
1.37416
0.0495111
1.61696
0.48894
0.53341
0.506739
1.21755
0.72535
1.28798
0.97382
0.077991
1.04197
0.168543
1.71057
1.42712
0.0900378
0.516432
0.421485
0.29338
1.13271
1.90814
0.836359
0.612052
1.52332
1.29678
0.0869949
0.757497
0.585986
0.34025
0.507051
0.00376218
0.402279
0.633379
1.35858
5.1777
0.383684
0.234102
0.558054
0.381908
0.839358
2.92246
0.400527
0.919802
0.523018
2.7003
1.21623
0.116958
2.23957
1.297
0.602106
0.483815
0.743386
2.37698
0.330322
1.45154
0.307734
0.227701
0.341935
0.699318
0.587441
1.14717
2.89739
0.52293
