Pressure
0.915381
0.733145
0.682509
2.73882
0.737396
1.38807
1.03713
0.741954
0.691561
1.53848
0.931363
0.84299
0.211151
0.120552
0.536883
1.18843
0.3582
3.27512
0.1861
0.312841
0.128173
1.08161
0.170323
0.78066
0.296963
2.80018
0.72319
0.691587
1.73147
1.31815
0.319384
1.07137
2.17716
1.04116
0.269276
1.09729
1.31086
0.796315
3.23184
0.933785
2.88931
0
2.3233
1.41119
1.24561
0.802376
3.82537
2.51441
1.73638
2.91407
2.43031
0.810946
1.20727
1.33461
1.32091
1.51208
0.931002
0.654132
0.360614
0.489909
1.6493
0.967961
1.30092
1.46012
1.02964
0.293682
0.257314
0.980838
0.193247
1.44944
0.932357
2.37994
0.258996
0.287937
1.75832
1.10583
0.941117
1.22774
0.274809
0.557313
0.132669
0.592262
0.541225
1.05701
0.362043
0.257524
0.652088
0.506352
1.96944
0.478484
3.65229
1.28571
1.53932
0.557598
0.89048
0.579596
1.17491
2.65332
0.375834
5.71374
0.857989
0.0642485
0.749783
1.39154
1.02675
0.714179
0.443883
0.421264
1.32125
4.13555
0.534884
2.14144
0.874142
1.05687
0.545479
2.13486
0.0935634
0.455825
0.823217
0.424438
0.446725
0.614008
0.378366
0.509787
1.3666
1.11194
0.668991
1.42483
0.105041
1.44919
1.35027
1.9526
3.48614
0
1.40085
0.129062
0.573611
0.219487
0.837851
0.856877
1.55326
2.00871
0.664053
1.00138
2.43427
2.32123
0.474816
0.631722
0.381275
0.458311
1.26536
1.56792
0.24011
0.510472
0.767364
0.504523
0.534088
2.50419
0.165301
1.43284
1.35225
2.52449
0.742406
0.49241
0.831733
2.36467
2.09985
0.775258
0.0988164
0.201558
1.32689
4.79396
1.80166
0.981596
0.438254
0.645162
0.388563
1.70499
0.16586
0.351032
0.539798
2.81919
0.873438
0.628999
2.89918
1.37684
0.0833196
0.314687
0.862485
0.734405
1.83853
0.816478
0.986463
0.982444
1.33994
1.16314
2.07413
0.420538
0.141606
1.23918
0.744597
2.67061
0.196301
0.451933
3.31538
0.474331
0.3872
0.998208
2.1428
1.84181
0.559442
0.79168
0.281057
1.59454
0.922426
0.2664
0.893578
2.22678
1.20923
0.998406
0.378665
0.433518
2.71885
1.3148
1.11501
0.9202
0.529337
1.22054
0.63868
1.95028
0.192224
0.755503
1.20835
1.41068
4.06158
1.60972
1.29872
0.328782
0.915492
1.59442
1.87977
1.16982
1.9667
0.177281
1.22136
0.644112
2.16752
2.65098
1.2408
0.748352
2.96988
0.498739
0.745505
0.147911
0.128854
0.698849
1.05392
0.221163
0.71523
0.393202
0.414997
0.84019
0.103444
0.541847
1.23869
1.15554
0.960874
1.23053
4.25157
1.01402
0.636006
0.515991
0.698038
0.648048
1.09579
0.321945
1.80743
1.36037
1.1496
0.50456
3.65665
1.41023
1.2909
1.89552
0.469326
1.14448
1.30374
0.824661
0.537516
0.194494
1.22949
1.71305
0.311291
0.597862
0.212508
0.478699
0.539148
0.901231
1.14833
0.367886
0.349217
0.714224
1.35389
1.00994
1.06706
0.597777
1.75288
0.860789
0.265566
0.507286
0.371689
0.278043
0.11598
1.3383
0.213474
1.23501
0.628277
1.11877
1.5748
1.20845
0.28851
1.06767
0.574788
0.888432
2.19163
1.5268
0.0982399
4.63116
0.891342
0.124551
0.373974
0.294172
1.04212
0.0502529
2.16306
0.462378
1.15993
1.01121
0.262147
0.234575
1.08422
0.619492
0.937961
0.34489
2.71897
3.30301
0.25985
0.391482
1.85448
0.675831
0.0830721
1.70174
0.899162
0.97248
0.649894
1.58229
0.957715
0.528023
1.89527
1.15594
0.378832
0.52113
1.64266
1.01749
0.950432
2.24223
0.77501
0.904031
0.486343
