Pressure
0.671168
0.508409
1.44293
1.58499
0.593015
0.599439
1.50439
1.15009
1.88609
0.151876
0.976725
3.88558
1.61069
0.374947
0.20906
2.86094
1.73481
1.76188
2.15973
0.135646
3.33867
0.177996
0.30333
1.49853
1.39711
0.56844
0.316738
0.722822
1.25999
0.811458
0.391914
5.08739
3.6647
0.175934
2.61967
0.206816
0.11036
1.18253
0.258388
5.88022
0.621978
0.332397
2.27955
3.54441
1.35534
2.2356
0.876241
0.0305732
0.582085
0.277477
2.76371
0.671947
0.604368
1.08673
0.842328
0.426683
0.195536
1.15768
2.05075
0.471626
6.05208
1.63814
1.41664
0.732461
1.93302
0.772781
1.52808
0.45325
2.09167
2.54422
0.653043
0.635527
0.590141
0.262791
1.59348
1.17638
1.14148
0.658833
0.340619
1.45439
0.34722
2.10121
0.690701
0.514092
0.985171
1.31476
0.714225
0.669739
1.11417
0.777316
1.83078
0.525713
1.0772
2.38269
0.385153
1.27957
0.880392
0.408158
0.36985
0.624246
3.90072
0.495346
1.49361
0.77699
1.94091
1.37152
0.946677
1.1487
1.58027
1.57503
3.33822
0.499326
1.10847
0.714706
0.687871
0.454505
0.575089
1.60701
1.77036
0.0548009
0.764899
0.573928
0.524157
1.15522
0.653094
6.12946
3.10826
0.343368
1.81959
0.471178
4.32303
1.15111
1.00748
0.534163
0.595407
1.75035
0.939164
0.702386
2.56359
1.65829
1.62015
0.421235
0.523705
0.312794
0.903018
1.8191
1.60127
2.04488
0.386533
0.46759
0.484154
0.288401
1.45855
0.652822
2.8623
0.594565
0.355315
1.22311
0.985179
3.15412
1.00376
0.746545
0.460564
1.8659
0.401411
0.340933
0.0295151
0.79852
0.992758
0.762185
0.363921
1.78457
1.94513
2.03306
0.634945
3.05554
0.128732
3.55019
0.652565
0.533709
0.647567
0.962012
1.45161
0.890899
0.113569
2.89782
0.0477789
2.0824
0.450342
0.150715
0.348696
0.335278
1.32618
0.433631
0.680651
1.06744
1.16461
4.31326
0.896481
1.7708
0.722937
1.83672
0.775546
1.53692
1.00607
1.13271
1.77747
0.854024
0.150075
0.467783
0.799977
0.807493
0.302152
1.36929
1.05028
5.07364
0.358669
1.56406
0.904252
0.625118
2.84306
0.506979
2.83868
1.73593
0.645625
0.569613
0.707366
0.404881
0.545244
0.486364
1.34696
1.91656
0.137372
1.51633
0.338252
1.99586
1.16682
0.320067
0.25505
0.503052
0.917805
1.23684
0.276873
0.380884
0.396982
0.541656
0.481169
0.212684
0.537218
0.783472
0.724665
1.04362
1.67422
0.252679
0.968825
0.799019
1.54078
0.125933
1.98239
0.435767
0.760677
0.0562223
0.650821
0.330944
1.89965
2.80886
0.74592
2.23029
1.96623
0.703765
1.67977
1.44572
0
2.27158
0.164581
1.31975
0
1.70989
0.748584
0.198574
0.577746
2.43484
0.566081
0.672279
1.05208
1.08783
1.31204
0.373061
1.15414
0.753005
0.493076
0.599373
0.54122
2.02335
0.496904
2.09182
0.484292
0.41283
0.511315
2.58644
2.1092
0.369249
0.4581
0.57384
0.381714
0.367851
0.36839
0.734691
1.33646
0.346417
1.41752
1.9692
0.780571
1.47899
0.589764
0.747988
0.304676
1.47273
1.95431
2.07199
0.814221
0.425034
1.59727
1.87779
1.83921
0.382424
0.645847
2.84097
2.606
0.421351
2.02515
0.527887
0.897196
0.647787
2.0438
1.15008
0
0.729762
0.996053
0.510721
3.04283
1.05771
0.143809
1.37397
5.98915
1.80383
0.442298
1.39929
0.540268
0.368217
3.64431
1.57115
1.56622
1.44416
0.608229
0.451037
0.32897
1.99107
0.976131
1.39944
1.01973
0.750945
6.12205
0.776783
0.185218
1.01893
0.742722
2.90751
0.894553
0.951916
0.335312
3.26263
0.847376
1.2125
1.48975
0.461642
0.610206
1.3049
0.26949
0.712935
0.497797
1.05951
1.2889
1.41318
0.631313
1.259
1.18782
0.980762
1.02162
0.489722
0.479753
0.19174
4.07279
1.1695
0.838966
0.444298
0.915176
