Pressure
1.56381
0.410025
0.438687
0.168758
0.405245
4.03412
4.21493
0.729443
1.64901
0.451277
2.05263
0.645464
1.01713
0.356743
0.739362
0.569553
0.662001
0.310841
1.10973
5.05073
0.307877
1.03868
0.496414
0.395631
0.642968
2.30743
0.153754
0.40945
1.36942
0.60503
0.708456
1.17375
1.22043
2.73148
0.885229
2.32841
0.135079
0.840668
0.735054
3.1442
2.47204
0.709484
0.301477
0.351819
0.922835
0.0300803
0.493087
0.845966
0.701248
0.480984
3.86644
3.10159
1.04217
2.52905
0.202104
10.1162
0.797794
2.11437
1.81361
1.70862
0.659778
0.300846
0.321207
0.705579
2.04416
0.800077
0.842082
0.595359
1.24858
0.251594
0.720032
0.449316
1.51619
0.136853
0.193946
0.207481
3.94084
0.497382
0.13119
0.177622
2.56284
0.545598
1.17109
1.57274
2.12816
0.536881
0.175331
1.11606
0.719339
0.539284
0.620815
1.64068
0.0713008
0.308219
0.0985997
0.30747
2.04508
0.593834
1.17137
1.89956
0.639539
1.49562
1.92234
0.763754
0.948663
0.244101
0.692372
2.40907
0.208011
3.2027
0.234088
0.0971958
0.860063
0.69331
1.58825
1.88188
0.762763
0.133221
0.206098
0.981823
2.55481
0.982
0.35635
0.18396
2.76582
0.82155
0.0853002
2.24656
0.721382
0.581518
0.101781
0.0176516
0.774977
0.234125
1.73863
0.589817
1.17583
1.47614
1.47483
0.394629
0.0623973
1.29268
1.55342
0.723441
0.241622
0.0607265
0.205173
0.69884
0.771437
0.235205
0.373121
0.122431
1.30391
0.688894
2.13974
0.608143
0.887157
