Pressure
0.733145
0.682509
2.67198
2.28425
1.38807
2.71136
1.43102
0.797212
2.86029
1.69219
0.931363
1.4784
0.211151
1.12242
1.66126
0.188837
0.536883
1.18843
0.344908
2.81289
0.1861
0.187303
0.222159
0.170323
0.674409
0.444018
2.06437
0.623954
0.691587
0.750989
0.522457
1.07054
2.14809
0.17789
2.17716
1.04116
0.509267
0.0953385
3.48648
1.48337
1.37141
3.48022
0.876689
1.4246
0.492156
1.61684
0.59503
2.85744
3.22248
2.3394
0.802177
1.3017
2.46645
1.01041
1.82655
0.816726
0.360614
0.489909
1.6493
0.967961
1.30092
1.02964
0.172243
0.980838
0.193247
1.5617
0.805288
0.287937
2.55736
2.75018
1.0493
0.978023
1.22774
1.17635
1.13209
0.592262
1.09095
2.02786
0.541225
1.15075
1.6651
0.681716
0.639893
1.09929
0.652088
0.506352
1.96944
0.478484
3.65229
2.18322
1.53932
0.557598
0.89048
0.579612
1.16924
2.08406
0.375834
4.65592
0.857989
1.02675
0.408309
0.380186
1.45159
0.510828
0.720804
0.545479
1.03378
2.25766
3.57978
0.455825
0.823217
0.446725
0.614008
0.40829
1.31875
1.06134
1.74818
0.759147
0.473998
1.48715
0.12712
1.44919
3.13417
2.25508
0.289138
0.573611
0.575741
0.219487
2.99689
0.688082
1.00572
0.672164
0.717359
1.55326
1.71761
2.60025
2.00936
0.595812
2.94169
2.18259
3.44543
0.458311
1.61617
2.11386
0.745019
1.02304
0.767364
0.504523
0.756903
2.50419
0.296465
2.35378
0.138418
0.997769
1.15305
0.982006
2.68602
2.80503
0.457321
0.831733
3.66236
2.09985
0.775258
0.0988164
0.473966
1.52638
3.25009
1.80166
0.981596
0.462896
0.645162
0.118181
0.539798
2.93147
0.381891
2.04442
0.518936
2.89918
1.35041
1.37684
0.0833196
0.314687
0.862485
4.27839
3.02101
0.734405
1.19272
1.83853
0.656237
1.61136
0.982444
1.33994
1.16314
0.358355
2.38194
0.519901
0.125683
1.14476
0.744597
2.67061
0.196301
0.661524
3.94038
3.31538
0.540027
1.54611
2.13361
1.12728
0.696526
1.23306
0.79168
0.176
2.71583
0.679197
0.922426
0.2664
1.50459
1.02152
0.861033
2.22678
1.71678
1.04911
0.347997
0.433518
1.52941
1.33376
3.5377
1.37628
0.529337
0.787028
1.6361
0.61015
1.95028
0.237552
1.20835
1.41068
1.36589
1.60972
2.48477
2.8188
1.29872
5.23345
0.915492
1.59442
1.81834
0.912733
1.21145
1.9667
0.484149
0.644112
5.49015
4.92434
2.65098
1.2408
0.748352
0.595178
0.498739
0.147911
0.766034
3.30866
0.84019
1.77138
0.541847
0.116058
0.312983
3.33708
7.07144
3.4926
1.98712
0.698038
0.608915
1.25186
0.321945
1.91336
0.935449
0.136034
0.368885
1.87044
0.37755
3.3634
1.41023
1.661
1.67851
0.58363
1.2101
1.13191
0.605663
1.22949
1.71305
0.881935
3.16844
0.304866
1.10803
0.985476
0.316747
0.714224
1.22782
3.81642
0.701256
0.735142
0.630707
0.860789
0.497516
0.30903
0.600386
1.10383
1.3383
0.186046
0.874454
0.434557
2.34702
0.306069
1.5748
0.710532
1.9112
0.28851
1.56675
1.00923
0.574788
0.888432
2.19163
1.5268
1.29421
0.0982399
0.247814
4.63116
0.891342
0.124551
2.32308
0.294172
1.01023
0.0502529
0.952932
1.5619
0.38632
0.99191
0.756507
0.166216
1.09734
0.619492
1.0489
0.170541
1.08151
1.51184
1.68787
0.406268
0.391482
2.26878
0.675831
0.047209
1.70174
0.899162
4.43579
1.44595
1.18429
0.441545
1.12882
2.95384
0.272199
3.38128
0.261777
0.102563
1.64266
1.46892
1.01749
1.01695
3.06776
2.24223
0.214095
0.77501
0.904031
0.496196
0.486343
