Pressure
1.56381
0.282945
0.438687
0.52259
0.405245
4.20361
4.21493
0.729443
1.64901
0.421195
1.18277
2.05263
0.709725
1.24199
0.665334
1.50337
0.839096
0.485627
1.34238
1.95805
0.375982
1.16186
0.642968
2.30743
0.137591
0.952574
2.12472
0.708456
1.30584
1.31666
0.780838
2.59972
0.885229
0.631136
0.0589305
0.135079
0.840668
3.1442
0.14737
2.47204
2.24792
1.93792
0.592791
0.243046
0.351819
0.922835
0.0049846
0.697298
0.390572
3.60933
2.52905
2.11437
1.50305
0.659778
0.708884
0.321207
1.13959
0.705579
2.04416
0.775477
0.682138
1.24858
0.251594
0.672314
0.525589
0.449316
0.136853
2.20121
0.278692
0.497382
1.32048
0.222716
2.56284
0.545598
1.83529
1.27307
0.536881
0.175331
1.19215
0.936313
0.719339
0.459256
0.620815
1.64068
0.0713008
0.308219
0.161749
0.30747
2.04508
0.593834
1.17137
1.89956
0.538684
1.49562
0.5624
1.92234
1.39443
0.244101
0.926552
2.40907
3.2027
0.215876
0.212012
0.860063
0.57835
0.852068
0.206098
1.68187
0.117579
0.708937
0.101781
0.0176516
1.69393
0.774977
0.234125
1.73863
1.17583
1.88893
2.44819
1.38583
0.266627
0.243018
1.93202
1.45648
0.956856
0.723441
0.241622
0.0607265
0.205173
0.771437
0.56346
0.51459
0.688894
2.13974
3.07819
0.644879
0.471089
1.22469
