Pressure
4.11287
0.879546
1.0992
0.181803
1.33099
1.02561
2.23641
3.7104
1.0198
0.349672
0.711265
0.136245
0.913583
0.827632
0.824863
2.95524
1.81207
2.84256
0.667202
2.88598
3.07504
1.43525
0.727313
0.855751
0.232717
1.06087
1.22625
0.851442
1.51186
1.04162
0.711448
0.424822
1.77168
0.807137
3.53471
0.716347
0.422518
2.76187
0.642181
0.62887
1.1814
0.555484
0.70994
2.18632
1.38676
0.855399
1.18581
0.341875
0.289326
0.763015
0.315571
0.414371
0.0541194
2.8773
2.52138
0.667811
0.597966
0.825064
6.36528
0.509009
2.10434
0.0751436
1.49497
1.78118
1.20231
1.129
2.62538
0.481557
2.2128
1.37168
0.414917
0.737999
0.988881
0.468474
2.20034
1.98034
0.961618
0.56482
0.929577
0.344235
1.18122
0.813356
0.587901
0.804271
1.30264
0.386861
0.503007
0.598166
1.12849
2.35613
0.301878
0.0876561
0.876165
0.857853
1.37224
