Pressure, Change in distance between ball and goal
0,-1319.86
0.00243044,-749.866
0.0232911,-391.055
0.0290294,-294.862
0.0331497,-1029.86
0.0343375,-1307.1
0.0353743,-340.179
0.0415034,724.645
0.0548009,753.785
0.0553025,-1275.09
0.060898,-88.8323
0.073267,-1308.97
0.0746282,1416.2
0.0752018,185.845
0.0772114,-1923.93
0.0885282,-2057.72
0.0932004,-2057.96
0.0950912,-877.041
0.0957897,-257.628
0.0967828,-456.982
0.09938,1084.61
0.104211,-990.966
0.112933,-1091.5
0.11557,-930.366
0.117111,-892.758
0.129435,-258.367
0.135533,212.051
0.139554,110.768
0.140717,-1271.7
0.142054,-1204.96
0.145699,-653.816
0.147055,1821.85
0.147448,-4664.88
0.14828,-2687.53
0.151876,1880.37
0.153629,-1217.25
0.154079,238.837
0.158087,-25.5942
0.158656,-29.8155
0.161129,-12.4268
0.163165,-340.866
0.1635,-84.9624
0.163539,-1634.79
0.166914,-1613.26
0.16744,-1023.36
0.172691,-1347.95
0.175354,-291.291
0.179153,696.774
0.179736,-1524.16
0.181153,943.621
0.184173,-817.973
0.184983,337.887
0.195374,-1665.74
0.197331,-1134.81
0.198038,-1096.13
0.199765,-1156.25
0.200412,-1019.38
0.201651,1912.46
0.206991,346.234
0.209754,411.162
0.211518,137.408
0.213919,-739.465
0.215236,-1349
0.218446,-637.031
0.218826,392.242
0.218946,446.995
0.219399,-833.608
0.221155,-30.7342
0.222929,-1708.19
0.225758,-2016.85
0.232532,1.62589
0.235393,951.389
0.237645,1389.84
0.239341,-1331.12
0.240362,506.063
0.242843,2133.83
0.245421,815.864
0.245583,-878.425
0.248437,-1204.86
0.24905,-3241.7
0.250311,-301.837
0.251959,-57.6959
0.252162,2268.88
0.253532,-123.923
0.255406,805.935
0.257137,714.831
0.259583,-960.995
0.260358,980
0.260765,368.747
0.262848,179.861
0.263166,842.768
0.265463,-221.146
0.26553,-3219.38
0.267312,-369.55
0.267317,1248.03
0.271318,-196.887
0.273579,-1180.4
0.274972,938.883
0.275835,-2061.14
0.27646,554.341
0.280679,1341
0.281177,-385.507
0.281755,-534.684
0.287592,-39.1621
0.288207,-1680.99
0.289909,2980.67
0.291625,-2022.28
0.292218,-1922.81
0.295314,-861.735
0.297718,-120.458
0.297907,-1859.37
0.298585,-843.517
0.300808,-2559.36
0.303341,-427.285
0.308889,229.58
0.30981,-1081.42
0.310286,-3131.27
0.3103,-792.883
0.310553,-1735.94
0.310816,-321.616
0.311425,-1767.11
0.314386,-62.7949
0.317839,-1638.57
0.320067,-2092.1
0.321,891.327
0.32391,1333.84
0.327045,485.173
0.32726,-1126.67
0.328867,-599.799
0.331416,2010.83
0.334309,-2446.09
0.335155,818.343
0.337486,-219.202
0.338153,-1887.95
0.339469,1020.23
0.341031,-1484.58
0.342035,-2156.72
0.34396,98.5363
0.34406,-690.364
0.344498,1291.42
0.34722,-2810.48
0.347248,-2072.79
0.348741,720.257
0.350371,729.584
0.35107,743.36
0.353214,-877.397
0.355398,1137.99
0.356468,-1604.3
0.360482,601.341
0.361097,-933.596
0.364373,-205.094
0.365143,-946.227
0.368447,204.383
0.374845,-993.285
0.375509,-918.994
0.379499,-703.726
0.382986,-1779.02
0.384504,1716.57
0.384669,550.328
0.387184,-1760.3
0.387267,-1951.77
0.388166,-1398.09
0.391924,-450.942
0.393859,-1043.53
0.393913,-943.327
0.395843,-649.83
0.39679,-887.825
0.396982,-3468.23
0.398647,8.16899
0.399573,-620.895
0.400358,-110.165
0.400655,-1525.07
0.403301,2942.62
0.40504,222.505
0.407409,-895.113
0.408124,1438.31
0.409324,170.551
0.410198,646.723
0.41112,-1735.81
0.411753,187.868
0.412619,819.941
0.413502,-336.713
0.414111,189.355
0.414582,-1730.87
0.415146,79.5409
0.416954,-816.409
0.416995,-564.284
0.417227,-464.071
0.417359,-794.18
0.417491,-656.075
0.417537,-2416.88
0.418364,-3328.74
0.418518,-1003.83
0.42053,-142.295
0.421598,-230.757
0.421983,-2565.35
0.4224,-1901.32
0.423002,-1526.84
0.424321,-2932.33
0.424914,-1543.67
0.424933,-1168.31
0.42835,1711.93
0.428867,-1022.68
0.430076,586.947
0.431141,132.139
0.431624,833.226
0.433386,-2818.95
0.434958,1165.32
0.436464,853.751
0.44004,-227.003
0.441209,-320.601
0.443442,-1285.08
0.443968,-273.907
0.444522,-562.09
0.446168,-1774.4
0.446557,3819.07
0.446615,-376.853
0.44692,-1090.27
0.447477,-1387.2
0.449556,-1301.08
0.450055,24.4558
0.450205,56.4397
0.45208,-373.299
0.453006,-1137.9
0.455999,-20.9755
0.456548,36.1164
0.45678,47.0929
0.45786,-725.582
0.459068,116.555
0.45944,-3112.69
0.461934,2806.24
0.464712,-655.147
0.464964,-3412.82
0.465703,-493.48
0.466182,-2654.3
0.467488,-511.794
0.469322,31.3417
0.470212,799.526
0.470283,-69.7439
0.470354,-1569.1
0.471374,-695.871
0.472837,1749.14
0.48226,-1336.23
0.482924,1337.57
0.484716,-1215.7
0.487922,-219.562
0.489345,1323.5
0.492953,240.735
0.4955,-1001.39
0.495734,-2305.27
0.497082,976.212
0.497387,-1878.6
0.497797,2926.76
0.501897,-1294.28
0.503687,-62.4537
0.5046,-415.057
0.506034,-1233.41
0.508577,1155.6
0.509009,-1220.93
0.509552,1793.82
0.509613,-979.693
0.510085,1111.42
0.511926,1018.3
0.512081,-1040.77
0.513357,-225.237
0.516333,-139.209
0.51703,-270.678
0.518866,-38.3343
0.519733,29.6318
0.523704,-2467.58
0.527585,725.752
0.527817,-1308.32
0.528145,-573.369
0.530112,-312.744
0.531378,-26.9584
0.537661,548.833
0.539154,-500.854
0.54049,-626.63
0.542896,-1113.86
0.547383,-837.849
0.549548,509.271
0.550248,-1367.72
0.551159,519.874
0.553342,-836.853
0.554193,-993.535
0.554888,276.241
0.55557,-1190.66
0.556586,-1793.73
0.557309,1282.68
0.559674,864.876
0.560004,-884.068
0.560268,-467.711
0.561752,-639.392
0.562416,1932
0.56378,47.7108
0.566362,-3811.11
0.567434,767.758
0.569894,2641.49
0.573203,-149.132
0.575468,-958.444
0.57687,552.483
0.577384,-1315.46
0.578513,297.093
0.578665,785.915
0.578718,-282.883
0.578878,-2883.93
0.580888,-1081.53
0.582424,-121.469
0.583836,-2981.26
0.586276,-54.017
0.587338,-1306.29
0.588622,-675.425
0.589633,-1609.28
0.590901,-1097.1
0.591924,-3516.69
0.59431,-371.482
0.594823,372.206
0.594966,78.5206
0.59557,189.634
0.595849,-17.0926
0.596758,921.517
0.596858,-547.449
0.597704,97.913
0.598314,209.975
0.601185,-1057.42
0.602168,887.78
0.602567,291.609
0.603397,521.519
0.603558,-1524.42
0.604353,-1178.33
0.606085,1244.72
0.606854,-3737.6
0.607511,38.7375
0.607867,-506.546
0.608539,-299.435
0.608778,-957.073
0.609148,-441.491
0.610319,-3339.87
0.613524,-3674.07
0.614225,1616.65
0.614649,-622.824
0.616556,-423.515
0.61968,2432.95
0.620914,-5899.36
0.621577,256.963
0.622417,-1091.24
0.625974,72.4891
0.629469,215.474
0.630709,808.404
0.631497,582.777
0.631945,-808.941
0.633112,-739.92
0.633232,387.637
0.633564,-609.384
0.634451,-1474.14
0.636476,-2739.88
0.637858,890.563
0.639512,-2251.08
0.639638,-1015.4
0.641167,-1741.27
0.643111,-778.315
0.643279,282.295
0.646552,-539.907
0.649295,-2368.21
0.651411,-1900.34
0.652195,-507.623
0.653087,-4233.72
0.65336,436.74
0.657432,-3873.78
0.660889,-132.933
0.660996,-1012.87
0.661191,-2950.95
0.66338,-1793.96
0.663448,-541.05
0.665016,-572.542
0.66551,1093.73
0.670419,-2580.74
0.677055,-1553.36
0.678103,844.968
0.68149,-1199.56
0.681788,-1652.56
0.683628,928.924
0.684935,-317.906
0.686217,-1777.09
0.688964,852.823
0.692129,1384.76
0.692472,80.56
0.693316,-787.655
0.694835,-869.408
0.695335,-1025.86
0.699129,49.1654
0.699884,-1510.53
0.700398,-1301.13
0.702884,-634.132
0.704058,1435.32
0.704839,-4512.31
0.704941,1721.92
0.707313,-1152.37
0.709524,-744.876
0.711111,461.976
0.711664,-282.641
0.711767,-1753.08
0.711879,641.329
0.713808,-2412.18
0.714225,-189.752
0.716298,-1627.61
0.71821,32.6764
0.718717,-1197.19
0.718989,-342.455
0.719476,-627.01
0.719558,-38.062
0.721001,-1261.25
0.72355,-746.014
0.72631,-67.7526
0.728521,-1138.46
0.728765,783.679
0.729624,-1534.43
0.72966,-1146.05
0.729762,1112.31
0.731698,2983.03
0.733287,56.0695
0.733612,-1966.67
0.73528,-1568.1
0.736629,-113.893
0.738288,-2461.11
0.739596,653.258
0.742805,899.618
0.743778,-712.755
0.744016,-1039.26
0.744773,-140.17
0.745926,-161.991
0.74855,-3978.48
0.749131,1010.53
0.752075,130.363
0.753529,-403.183
0.755799,-1199.89
0.756753,-427.847
0.758547,-2069.96
0.762347,212.609
0.762441,572.089
0.763865,427.437
0.764652,-1950.67
0.76559,-852.356
0.768559,-156.264
0.769459,-1172.33
0.772531,1544.18
0.772708,585.791
0.773119,307.602
0.775267,-1642.54
0.775644,-453.433
0.77572,64.8225
0.776821,526.175
0.777693,-1033.88
0.778282,-1583.41
0.778683,228.746
0.780508,-1179.71
0.781283,-368.342
0.782504,558.425
0.782595,-488.499
0.784717,-828.747
0.787686,-1127.23
0.787816,-1151.07
0.789699,-2222.11
0.790286,-3516.56
0.792979,693.962
0.793446,-873.69
0.794008,-2635.2
0.795854,-1475.34
0.803982,624.526
0.804136,-955.348
0.804719,-395.778
0.805208,-1267.56
0.806501,-126.641
0.806949,-445.821
0.813914,528.068
0.814416,1949.61
0.815557,-1865.18
0.81796,-3594.07
0.818969,-1046.85
0.819625,871.105
0.820476,-1449.26
0.821021,-579.42
0.82436,-3118.94
0.825465,-103.402
0.827913,-5.70979
0.829523,1278
0.830423,-981.348
0.831013,-649.144
0.831995,-1988.82
0.835693,-1996.82
0.83626,-282.604
0.837018,2354.85
0.837663,1372.05
0.839418,313.767
0.839461,-106.748
0.839845,-138.255
0.841994,-927.04
0.842987,-4027.09
0.843496,504.573
0.843764,328.627
0.844709,-2492.65
0.845054,-3043.9
0.846352,43.9247
0.846805,-1249.38
0.84828,-1680.94
0.848975,386.654
0.850041,-536.045
0.852808,270.988
0.85288,1221.48
0.854442,697.106
0.854772,307.662
0.857954,-366.749
0.859596,-850.416
0.859762,-4.44613
0.861691,-1410.13
0.865535,-530.394
0.869322,-1969.91
0.872421,-1869.02
0.872991,-1656.66
0.878015,-60.1929
0.878599,-1070.48
0.87862,-201.625
0.87886,-669.463
0.880549,-5108.63
0.881094,-1051.88
0.882021,-1050.27
0.883043,-2058.23
0.883144,-2370.97
0.884414,1039.62
0.885011,13.8607
0.885832,-376.289
0.887161,934.071
0.88759,-422.43
0.890099,-2672.64
0.891004,302.593
0.891395,-904.744
0.891736,793.276
0.896481,-12.0523
0.897975,-2942.92
0.898217,1007.41
0.900966,-865.338
0.902464,-1917.07
0.904174,-1924.94
0.904258,-1658.32
0.90455,-2425.76
0.905192,2204.57
0.908033,1255.71
0.910679,-1772.42
0.91409,-1085.46
0.916985,26.3664
0.917225,-3810.79
0.919819,-57.0214
0.920103,21.3626
0.921873,814.515
0.922008,-3548.82
0.924748,-25.8035
0.925273,729.248
0.930722,322.728
0.933325,-918.083
0.936839,480.854
0.937144,-1086.83
0.937478,-562.709
0.93975,-28.8231
0.939892,1409.25
0.940513,-1593.12
0.945635,2016.49
0.946111,-1188.99
0.946757,-913.308
0.94743,369.263
0.950938,-499.827
0.952318,-1691.2
0.95278,-673.231
0.952958,-186.248
0.956095,1039.76
0.958064,1745.05
0.958201,-3150
0.958419,-320.491
0.961745,-1978.31
0.968963,2173.06
0.969686,-1481.13
0.971683,-97.2123
0.973162,-630.807
0.979449,962.609
0.987965,-783.426
0.990516,158.688
0.991407,860.981
0.995678,-634.758
0.996708,457.493
1.00072,-219.114
1.00297,205.317
1.00624,-2027.34
1.00655,-25.2858
1.01432,2252.51
1.01651,1379.61
1.01733,-410.806
1.01988,-1987.89
1.0206,-5926.49
1.02307,-775.092
1.02781,448.297
1.02831,-1116.96
1.02902,77.788
1.03051,-1182.66
1.03395,146.001
1.03601,1063
1.04002,486.886
1.0408,-369.542
1.0413,2965.9
1.0487,238.205
1.05136,945.362
1.05425,-851.622
1.05547,-5213.34
1.05718,-1793.06
1.05835,-664.888
1.05882,-318.415
1.06274,717.345
1.06459,-1204.13
1.06547,-1855.3
1.06687,-1620.81
1.06693,-1973.61
1.0673,720.457
1.06947,1088.31
1.07062,424.316
1.07261,-54.4907
1.07274,-963.967
1.07726,-313.745
1.07794,75.683
1.07832,376.799
1.08729,-1854.48
1.09058,-56.0927
1.09125,-614.387
1.09147,-1186.95
1.09392,-629.229
1.0951,-2461.01
1.09747,-33.5307
1.0977,-1948.19
1.09795,2708.41
1.09812,-484.186
1.10122,-1904.87
1.1024,-507.678
1.10311,-1950.59
1.10565,-1562.98
1.10683,122.584
1.10705,302.138
1.10734,826.945
1.10796,-143.242
1.10978,-289.488
1.11264,396.851
1.11364,-1743.11
1.1153,78.0102
1.11811,-1206.91
1.11954,-981.347
1.11996,-505.359
1.12465,-1034.43
1.12568,2627.8
1.12613,-2055.77
1.12756,616.26
1.13452,-522.565
1.14449,582.339
1.14709,2430.16
1.14768,164.682
1.15465,-1730.71
1.16083,-801.949
1.16381,-2702.65
1.16583,-298.328
1.16947,-793.485
1.16963,-1175.4
1.17635,1650.7
1.17736,-940.845
1.17807,-469.727
1.17846,-815.877
1.18074,-342.511
1.18159,-2830.52
1.1849,-1016.17
1.18584,-806.395
1.18623,-2873.76
1.18706,2538.12
1.18807,613.369
1.18866,2677.84
1.19355,-1070.65
1.19355,-1248
1.19494,129.97
1.20503,-1389.79
1.2134,-1.11132
1.21803,679.039
1.22175,-2000.36
1.22368,-3289.09
1.22373,-186.229
1.22509,-302.731
1.22715,2088.57
1.22922,1835.19
1.23577,3474.6
1.23787,-183.339
1.2418,-110.013
1.24425,928.518
1.25594,269.231
1.25638,-1962.24
1.26189,255.593
1.26327,-223.42
1.26634,-1198.42
1.26902,-2716.98
1.26973,-200.737
1.27483,-1264.67
1.27814,449.297
1.2783,-1343.16
1.27855,-1270.51
1.27905,-1583.89
1.2806,-675.922
1.2812,1803.35
1.2826,130.86
1.28263,363.407
1.29051,523.778
1.2923,136.914
1.29232,556.915
1.29281,-1227.34
1.29576,337.718
1.29592,696.878
1.29912,1546.99
1.3026,1584.24
1.30273,-178.487
1.31957,-3604.4
1.32085,-2620.88
1.32292,493.847
1.3233,-127.1
1.32644,-1053.48
1.3271,-330.029
1.32989,239.931
1.33119,-1677.36
1.33178,790.23
1.33254,319.908
1.33265,-333.103
1.33279,-1451.44
1.3338,439.459
1.33499,-3155.67
1.33527,-517.775
1.3367,-1057.21
1.33809,104.302
1.34317,554.064
1.35043,1606.79
1.35633,125.223
1.35889,-704.381
1.36125,20.429
1.36375,-410.302
1.37074,-987.023
1.37973,-1234.55
1.38535,-870.128
1.38567,-3025.33
1.38855,-929.354
1.38938,-379.104
1.39017,2529.03
1.39599,-476.821
1.39832,-468.715
1.39894,-751.858
1.40077,-934.918
1.40189,66.2383
1.40978,-1397.75
1.41063,-1861.65
1.4109,-582.486
1.41783,-297.476
1.41859,-841.429
1.41906,-917.33
1.42441,-853.097
1.43032,-1832.26
1.43413,-2793.03
1.43419,-2571.79
1.43491,267.265
1.43595,-1460.85
1.43878,334.423
1.44167,1606.85
1.45045,-790.855
1.4527,-354.679
1.45765,-1895.21
1.45977,-264.948
1.46039,1365.69
1.46106,1271.09
1.46325,477.603
1.46707,205.248
1.47085,-3541.07
1.47822,1946.29
1.48111,913.938
1.48236,-410.66
1.48252,-612.74
1.48843,-344.828
1.49552,387.706
1.49827,-1864.7
1.50324,-440.074
1.50896,-71.754
1.51004,-459.328
1.51787,-527.811
1.51992,917.241
1.5231,-1058.53
1.52713,-530.265
1.53208,-735.978
1.53605,-1228.28
1.53673,-1262.36
1.53772,-1965.6
1.5416,424.193
1.54182,687.81
1.54335,-1240.31
1.54788,-1598.18
1.55418,658.046
1.55595,-2128.2
1.56142,-1006.09
1.56349,2133.37
1.56585,-3114
1.57101,1800.17
1.57931,419.174
1.58003,-423.62
1.58347,-1316.32
1.58503,337.813
1.59044,-397.669
1.59314,45.4547
1.59772,-1072.78
1.59813,417.063
1.60285,700.4
1.60286,-1381.12
1.60597,1643.35
1.60784,-2903.68
1.61115,36.1113
1.61627,1220.39
1.61683,-1031.09
1.62082,-1579.1
1.62116,-414.05
1.63266,19.2703
1.63476,-168.938
1.635,-1390.33
1.63549,371.049
1.64942,-418.178
1.66101,-117.271
1.66232,-85.9669
1.66333,-2375.97
1.66677,-582.51
1.6687,1262.09
1.67591,-672.555
1.68036,-664.236
1.68102,-1246.4
1.68113,-374.319
1.68345,558.131
1.68886,-746.858
1.69091,-187.925
1.69297,-797.971
1.70512,1276.02
1.70696,-2950.34
1.70772,-2818.52
1.7123,80.3454
1.71618,-1215.48
1.71783,-163.385
1.71898,-437.686
1.72538,-762.064
1.72686,-1773.12
1.72806,-142.249
1.73441,-5442.96
1.73719,1453.67
1.74119,-667.839
1.7426,-897.052
1.7437,-439.539
1.75098,720.179
1.75153,141.381
1.76192,610.924
1.76422,-3051.77
1.77034,18.6537
1.77225,-2901.38
1.78162,-1121
1.78339,691.461
1.79566,-1430.24
1.8068,-166.604
1.81247,-263.603
1.81428,-453.685
1.81443,2819.04
1.81956,-730.848
1.82125,-3566.58
1.82183,-2611.4
1.83139,1116.11
1.83491,-414.421
1.84272,-1979.11
1.84753,-2158.44
1.84874,565.186
1.85358,-1785.01
1.86359,-115.733
1.86412,635.171
1.87397,-136.102
1.88093,190.937
1.88674,-1377.68
1.891,1970.25
1.89482,-2011.24
1.89916,-225.227
1.91543,5.50817
1.91819,-154.654
1.92122,-1761
1.92554,146.363
1.93338,-2185.38
1.93614,-608.659
1.95459,-998.322
1.96503,-740.362
1.96808,-430.608
1.97016,1082.94
1.9719,-222.87
1.99187,-478.199
1.99368,-1057.29
2.0002,-1356.8
2.01105,-787.561
2.0127,-2777.58
2.01355,-1648.3
2.0149,176.729
2.01694,44.4871
2.02207,-117.383
2.02668,285.648
2.04917,-808.603
2.07122,-385.444
2.07196,595.335
2.08004,-1352.71
2.08518,890.261
2.09635,-1145.53
2.1328,-939.359
2.157,-258.314
2.17741,-766.047
2.18175,-608.588
2.21086,-906.927
2.22163,182.035
2.22655,-880.952
2.2374,-1236.88
2.25312,-1448.36
2.25979,-893.581
2.26307,-4703.67
2.26416,135.156
2.26966,-701.875
2.28218,-1366.93
2.29437,903.627
2.29688,1691.58
2.30456,-1265.13
2.31044,190.502
2.35455,656.007
2.36592,-76.8842
2.37602,-1185.31
2.40071,1239.46
2.41104,-1033.12
2.41192,-1641.94
2.41537,-48.9807
2.41688,-966.159
2.43005,199.377
2.45711,-1038
2.4674,-441.624
2.46988,-1823.13
2.48439,-5279.52
2.51155,899.857
2.51159,-807.328
2.51595,1548.26
2.51927,-597.09
2.52222,-652.381
2.52665,-326.434
2.54038,-1742.24
2.5478,-828.811
2.5497,-9.93956
2.55744,-481.331
2.58754,661.045
2.58874,-479.574
2.59425,402.242
2.59777,-121.04
2.6107,617.351
2.61219,269.834
2.64102,26.1014
2.68925,-1851.51
2.69692,-1494.53
2.71112,-306.246
2.71925,751.059
2.73554,-1804.72
2.74188,-418.84
2.74371,557.256
2.81576,-227.552
2.82601,-1578.07
2.83641,391.251
2.83979,-743.465
2.86895,-809.675
2.86949,-2368.46
2.90694,-604.623
2.92409,-1965.3
2.93134,-134.835
2.94771,-286.468
2.95695,311.196
2.96055,224.407
2.96307,-631.893
2.96801,-251.075
2.99606,-333.074
3.06268,-3056.81
3.08324,-1679.46
3.08415,633.033
3.15706,1010.7
3.16868,-1757.81
3.18825,-1027.55
3.18869,323.555
3.19416,-721.239
3.20696,783.805
3.27746,206.565
3.3115,821.673
3.3309,-2675.14
3.37854,-153.683
3.39658,-4302.52
3.40112,-1785.06
3.51149,-552.109
3.66754,-1012.72
3.67568,-308.169
3.71808,-3943.69
3.7208,-743.664
3.7986,-1873.68
3.82363,-134.84
3.83707,822.53
3.87821,-1844.44
3.89303,668.217
4.03733,-556.169
4.20105,-43.4537
4.28313,1351.7
4.32687,2716.57
4.41863,-1136.31
4.49395,-568.749
4.58161,-60.566
4.68604,-939.625
5.40492,527.925
5.82195,1515.8
6.50944,459.561
6.75057,-657.843
