Pressure
0.332571
2.01167
1.18834
8.93382
0.379342
0.761097
1.36237
0.0570776
0.555114
4.23429
2.44976
0.949275
1.80406
0.472686
1.53379
0.712434
1.02349
2.03937
1.1998
3.22963
0.889725
1.70062
0.620914
1.32139
0.323298
0.483367
0.294942
0.354272
0.789461
0.560389
0.160253
0.138368
1.12403
0.549369
1.42372
0.536047
1.22677
2.0969
1.16566
7.10523
0.40608
0.749085
1.48311
0.349616
0.840517
1.36011
1.55425
1.18672
0.774846
0.699383
1.35425
1.26682
1.25072
0.762855
1.22821
1.01919
1.84421
2.32621
0.381326
0.846982
0.86047
0.607603
0.424601
1.29856
1.18889
1.11542
0.826515
0.65868
0.677458
2.42106
1.09396
0.618635
0.396783
1.58003
1.75088
0.421495
1.03614
1.79028
0.43605
0.486757
0.381637
1.1632
0.204413
0.872113
2.47863
2.50438
1.26318
0.150675
2.76113
0.392744
1.26789
1.12512
1.84436
0.679883
1.33666
0.187534
0.526165
0.698722
2.40178
0.18708
1.0061
0.357001
0.925158
0.18873
1.22258
0.0437707
1.02852
1.73784
0.910388
0.274111
1.17953
0.991278
0.477179
2.32088
1.59761
0.924522
0.555714
0.227374
0.495479
3.35497
1.35978
0.28786
1.36984
1.63944
0.464585
0.80813
0.589807
0.488204
0.445313
0.580377
1.22118
0.066068
0.497578
0.86851
0.770213
0.218003
0.156585
0.238418
3.09647
1.09807
0.717571
2.12313
0.788328
1.88748
1.15464
3.48735
0.159235
0.404985
0.852654
0.975583
0.829523
0.205609
0.22644
1.35314
0.557
0.952613
1.44405
1.41537
1.43528
0.707918
1.21372
0.591789
0.3457
1.33234
0.185162
0.531184
0.60362
0.291265
1.64985
2.74902
4.44073
2.46007
1.88565
0.165012
0.36668
0.388116
0.500433
2.31439
1.66744
0.488834
2.24876
2.36845
7.10299
2.10285
0.474924
0.956564
0.692604
2.39728
0.971826
0.909735
0.478442
1.79424
0.135409
1.56117
0.789766
1.14768
0.665353
0.824198
1.84014
0.687582
0.376232
0.389138
1.64711
0.381604
0.100602
0.954815
0.426094
1.71641
0.308601
0.314705
2.41572
1.51478
1.04013
1.16677
0.784693
1.23856
0.500764
1.01731
0.565996
3.37688
0.68415
2.03206
1.31757
0.598038
1.29957
2.1468
2.74707
0.861929
1.74897
0.997264
1.88603
0.0194561
0.652353
1.23874
0.253666
3.53079
0.955891
1.35369
1.95679
0.670266
0.606178
0.572873
1.93122
4.22583
0.238659
1.76506
2.52937
0.615143
0.615446
0.884013
1.52423
1.82019
0.50807
1.8608
0.444363
1.73505
1.87373
3.36256
0.256883
1.33059
0.560809
1.24971
2.2323
1.00245
2.79976
0.328374
1.53109
1.02812
2.35251
0.223689
0.814624
1.75517
0.283001
0.479792
0.266906
1.19546
2.89442
0.336968
0.638003
0.282975
0.629747
3.36543
0.212482
0.438355
0.843341
1.43416
0.123709
0.453335
0.450534
0.959626
1.1195
0.593154
1.84741
0.75202
1.11444
0.146959
0.223724
0.23765
0.292087
1.76057
0.676829
1.04669
0.632318
1.15967
1.20049
1.68418
0.860725
1.30993
1.15141
0.915801
0.207989
0.46361
3.65237
0.851341
0.393673
0.328775
0.622903
0.506238
2.94
0.891603
0.200939
1.75757
0.77049
0.491175
0.559757
1.14819
2.27457
1.06467
0.42935
0.114067
1.11479
0.120266
1.27948
1.05424
0.50226
0.508453
0.375706
0.294575
2.97931
0.793987
0.775517
0.512122
0.526917
2.58577
0.484643
2.17403
1.91286
1.06034
0.376604
0.906948
0.548927
2.26001
0.43582
0.204868
1.29702
2.35141
0.447276
1.93071
0.988505
0.569468
0.374824
0.960468
1.77932
2.9802
0.500618
0.557762
0.287564
2.96563
0.632425
1.02429
1.79355
0.82189
0.388019
0.452132
