Pressure
1.35306
1.89213
2.10441
2.28931
0.674254
1.89705
0.335843
1.75175
0.316929
2.00618
1.5383
0.591202
2.19142
1.46317
0.484445
1.1911
1.64942
0.39886
0.753681
1.41951
0.385163
2.21856
2.71159
0.365385
2.47512
0.632925
0.0485514
0.188599
0.428327
0.322824
1.33756
2.8615
1.35351
2.62099
0.582869
4.3828
0.430569
3.41653
6.42021
0.564839
0.36194
0.842957
0.772315
1.71127
0
0.0480499
1.24081
0.424948
3.60567
0.833955
1.9295
0.778297
0.188629
0.671529
1.14926
0.429686
0.0381923
0.53341
0.494276
0.848944
0.323436
1.28798
0.97382
0.315539
1.04197
0.168543
0.715424
1.71057
1.0464
0.516432
0.984374
0.421485
0.860734
0.432947
1.90814
0.836359
0.663077
0.461047
0.0738307
1.01278
0.507051
0.797521
0.402279
3.45029
0.412482
0.118991
0.234102
0.558054
0.340269
0.819928
2.37876
0.400527
1.24426
2.7003
0.453415
1.00533
3.21466
2.23957
2.61189
0.794787
0.52684
0.792484
2.37698
0.322552
1.73429
0.835954
0.421493
0.417218
0.772233
0.681876
1.12817
0.538968
