Pressure
2.44108
1.37066
1.44293
1.47798
0.593015
0.80846
1.51717
1.10759
0.619187
1.88609
1.30884
1.86115
3.43949
1.57067
0.268042
2.29495
1.73481
1.76188
0.280415
2.15973
0.592408
0.446507
2.94169
0.243889
0.30333
2.17655
0.705157
0.56844
0.144522
0.339247
1.15404
2.37984
0.539094
4.19057
3.36848
0.374388
1.18253
5.88022
0.523785
0.347552
1.52682
1.35534
2.2356
0.876241
0.0305732
0.535781
0.41425
4.0379
0.57322
0.918863
1.08673
0.94985
1.23173
0.279163
1.15768
2.33257
0.466348
4.43889
0.157159
1.63814
1.69099
0.868037
1.93302
1.20168
0.175807
2.34397
2.09167
1.16715
0.653043
0.635527
0.48418
0.262791
0.766925
1.59348
1.4551
1.67868
0.690634
1.45439
2.71297
2.10121
0.661648
0.846266
0.985171
1.31476
0.669739
0.584148
1.83078
0.587863
1.75344
2.30509
1.25674
1.10008
0.880392
0.408158
0.36985
0.618512
1.15184
0
1.02897
3.90072
1.38971
1.49361
3.48252
0.76959
0.891535
1.17552
1.0336
2.55853
1.22622
0.287388
0.207501
0.430795
1.33985
1.57503
3.3055
0.926846
1.10847
2.19168
0.714706
0.391841
0.302722
0.575089
1.60701
0.764899
0.524157
1.15522
0.653094
3.86185
0.343368
0.716535
0.471178
4.32303
1.07599
1.00748
2.76906
0.534163
0.595407
1.51854
1.29359
0.393503
2.16103
2.57999
1.65829
2.07614
0.684214
0.2158
0.0872184
0.184137
1.8191
1.32577
2.04488
0.386533
1.16454
0.46759
4.18026
2.77796
0.484154
0.593938
0
0.652822
2.8623
0.0457925
0.37801
1.22311
3.46084
0.985179
3.15412
1.03575
0.736045
0.460564
1.8659
0.65405
0.401411
0.277383
0.035122
0.804448
0.992758
0.569113
0.745369
1.78457
1.94513
0.634945
3.42108
2.84538
0.29131
3.05554
0.224648
2.67026
0.715681
0.701043
0.647567
0.988442
0.319864
1.45161
0.890899
0.113569
2.89782
0.0477789
2.0824
0.363559
0.251381
1.32618
0.680651
1.05282
0.700755
4.31326
1.92071
0.838898
0.752086
1.83672
0.755276
1.31433
1.07894
5.05072
0.691419
0.957715
1.58159
0.854024
0.150075
0.467783
1.08675
0.732865
0.302152
1.36929
1.05028
4.4969
0.730204
0.905445
0.701381
2.84306
0.506979
1.46876
0.310026
3.95137
2.83868
1.14592
0.740367
1.37117
0.961392
0.606121
0.545244
1.08722
1.13293
1.97623
0.462771
0.865615
0.720873
1.23684
1.67315
0.558418
0.541656
1.08486
0.212684
1.46275
0.600086
0.879285
0.724665
0.773606
1.02965
1.54344
2.78331
0.343077
0.702968
1.51479
0.125933
1.98239
0.435767
0.761296
0.1271
1.03723
0.381272
0.596838
0.23802
1.21458
1.63783
2.80886
0.74592
1.96623
0.703765
1.67977
0.737737
1.47648
1.69715
0
1.85387
0.173553
1.31975
1.04105
0.983197
1.70989
0.748584
0.97531
0.209441
0.577746
2.43484
0.853209
0.672279
0.921534
0.469295
1.60673
0.341744
0.47199
0.599373
0.54122
2.02335
0.49878
0.878161
2.00044
0.0377203
0.641227
0.597154
0.559333
2.13994
0.536593
1.87385
0.367851
0.36839
0.0906193
3.01325
1.51534
1.9692
0.40521
0.792418
1.62629
0.747988
0.332142
0.779169
1.47273
1.95431
0.847817
1.38431
3.16815
1.02661
1.83921
0.390576
2.84097
0.132592
0.564839
0.224766
2.02515
0.527887
0.35469
0.667842
2.0438
1.15008
0.944823
0.510721
3.04283
0.14428
1.37397
1.81762
2.90859
0.66054
0.442298
1.39929
0.540268
0.368217
3.26143
1.56622
0.472952
2.56237
0.69967
0.730193
0.451037
0.741789
1.99107
0.976131
0.90707
0.750945
4.68813
0.941878
1.01893
1.13708
0.762776
2.51935
0.850239
0.20303
2.92677
0.636003
1.91528
1.48975
0.868073
1.42136
0.55515
1.23093
0.26949
0.75486
2.37353
1.2889
0.75145
2.45671
2.565
1.18782
1.2741
1.02162
0.564421
0.760452
0.655245
1.28883
0.422646
0.985527
0.824735
0.331604
0.279499
2.84701
0.915176
