Pressure
0.660423
0.733145
0.554961
0.816267
0.667688
0.682509
2.73882
0.208612
3.91243
1.49639
1.49813
0.554799
1.72835
2.07841
1.18838
1.11356
0.312059
0.281191
0.956105
3.20016
0.130367
1.88815
0.741954
0.785823
0.374565
3.83182
1.86581
0.67844
2.94182
2.86029
0.691561
0.263658
1.6027
0.7115
0.931363
0.750567
1.13071
0.546585
0.144137
0.211151
0.203244
1.12242
1.35837
0.510097
1.68811
0.176059
0.604381
2.43178
0.862369
1.18843
0.3582
0.584231
3.04504
0.863409
1.45249
0.203047
0.0435512
0.511602
0.170323
0.482596
1.67411
0.213686
0.604033
3.14946
0.623954
0.691587
1.07388
1.31815
0.400853
0.522457
1.73241
0.277259
2.14809
0.742645
0.948917
0.68722
1.41463
1.04116
0.228
2.1225
3.48648
1.31086
0.464358
3.84494
0.661485
3.23184
4.76473
1.4246
0.492156
2.3233
0.615434
2.85744
0.919262
3.08936
2.3394
2.18469
2.25797
0.868181
1.88768
0.710499
0.810946
2.46645
0.857719
0.84255
0.39634
1.53296
0.897308
0.350101
0.650351
0.360614
0.489909
1.6493
0.65717
0.78788
1.40084
1.63301
1.02964
0.293682
0.236747
0.980838
0.193247
1.5617
7.6109
0.541864
2.40702
1.7287
0.805288
1.15672
5.15743
0.258996
0.287937
1.23485
2.34588
1.22774
0.39265
0.274809
1.57642
0.406916
1.17635
0.587798
1.13209
0.592262
2.981
2.8069
0.91385
1.6651
0.639893
0.541753
0.4113
0.652088
0.427771
2.86456
1.96944
0.478484
3.65229
1.51375
0.557598
0.89048
1.22484
3.01225
0.375834
6.80683
0.857989
0.0642485
0.749783
1.7254
0.661324
0
1.5829
1.58365
1.02675
0.619987
0.421264
1.32125
0.490065
0.647715
0.985414
0.747084
0.545479
0.937557
2.25766
3.57978
0.798189
0.0768313
0.341418
0.823217
0.424438
0.710113
0.446725
0.631704
0.614008
0.646152
1.33372
0.75469
1.02493
0.737394
0.495767
0.908992
0
1.74818
1.11194
0.514743
0.609044
0.928009
0.605892
0.508578
0.560958
0.288594
0.38489
0.412709
1.01431
1.33819
0.0974385
1.74059
2.37868
1.58317
4.52305
0.0697805
0.200861
0.573611
2.41737
0.34158
2.47782
2.14508
1.06312
2.43688
1.05207
1.48279
0.672164
1.77857
0.717359
1.33234
1.0901
1.55326
0.775231
0.821215
0.801178
0.54332
0.597661
4.43295
0.595812
0.631722
2.13035
0.381275
3.44543
0.663245
0.458311
1.12005
0.290516
0.0748304
0.510472
0.767364
0.396907
1.40646
0.405554
2.3115
2.40285
0.165301
1.15305
0.210602
0.546091
0.471254
0.533565
0.224848
2.52449
0.48582
0.470653
4.16824
0.429839
0.831733
2.33236
2.09985
0.775258
0.142363
0.41867
1.81439
0.0872484
1.80166
0.863743
0.981596
0.434533
0.504443
0.193808
1.70499
0.134165
0.743144
0.118181
1.91214
0.206918
0.539798
1.81873
0.381891
0.670284
2.04442
0.277975
0.628999
0.552076
1.35041
1.10253
0.517277
0.0833196
0.420945
0.314687
0.862485
4.27839
0.734405
1.19272
0.816478
4.69043
0.982444
1.33994
1.16314
0.358355
1.94757
1.85363
0.497909
0.266481
1.23918
2.67061
0.196301
1.22905
4.0115
2.39308
0.474331
0.251626
0.399664
2.45781
2.13361
0.92019
0.696526
1.70194
0.373466
1.56214
0.282558
0.559442
1.65093
0.356571
1.38832
0.622925
0.2664
1.69688
0.513483
5.13761
1.50459
0.861033
2.22678
1.19063
1.83194
0.235823
0.482347
0.212396
0.347997
2.71885
1.82656
0.613895
3.5377
1.81101
1.06843
0.529337
0.645697
0.564399
1.95028
0.237552
1.02891
1.77989
0.256346
4.03523
1.60972
1.59951
2.22515
1.33489
0.915492
0.751175
1.4786
1.75148
3.17974
0.452315
2.96786
0.140325
0.628281
0.479605
0.356628
0.454884
0.644112
2.24337
4.92434
0.753267
0.716826
0.723253
0.48626
4.07168
0.581198
0.283341
0.745505
0.147911
3.27949
0.355516
0.766034
0.633189
1.47504
2.25728
0.22964
2.40905
0.697904
0.272242
0.84019
0.558059
0.199276
0.541847
1.30467
0.375823
1.02457
0.0842211
1.37245
0.56601
0.491477
1.92656
1.06684
1.61118
0.960874
0.116058
1.86113
0.246588
0.766617
2.31999
0.509005
7.07144
0.774342
0.220151
0.636006
0.314975
0.63465
0.964826
0.730829
0.93808
0.698038
0.296529
4.41863
0.924543
0.890223
1.12873
0.852218
1.76087
0.321945
1.66324
0.406082
0.297649
0.368885
1.14714
1.36037
0.800376
0.50456
0.634155
2.93228
1.31571
1.2909
1.67208
0.483819
1.1737
1.10105
0.536785
0.824661
0.564214
0.378408
0.552814
1.83489
1.22949
1.78507
0.651234
0.597862
0.212508
1.69729
0.304866
0.91599
0.531225
1.24028
0.426038
0.403974
0.714224
3.81642
1.0685
1.58923
0.454929
0.45642
0.309366
0.59676
0.112987
0.860789
2.08693
0.507286
0.143651
0.834329
0.278043
0.883513
2.59072
1.06196
0.748486
1.3383
0.224459
0.334588
2.4183
0.467728
0.628277
1.11877
1.5748
0.614789
1.98203
1.21006
1.14222
0.48473
0.856343
0.761435
2.19163
1.20852
1.29421
0.151539
0.627821
1.04137
0.247814
5.10918
4.63116
0.891342
0.124551
0.981561
0.0502529
0.952932
1.35323
1.89731
0.99191
1.01121
0.262147
1.11118
0.756507
0.302636
1.09734
0.594152
1.21176
1.38292
2.77071
0.778751
2.71897
1.08151
3.2992
4.38986
0.0721564
0.524437
0.290247
1.16896
0.520909
1.53773
1.227
0.602255
0.0725892
0.618912
0.899162
1.00576
0.802565
0.631261
0.466094
0.697474
1.1142
0.83421
1.10526
0.922513
0.667287
2.95384
1.10285
3.38128
0.620897
0.252932
0.335021
0.365782
2.31585
1.64266
0.497731
1.01749
0.430947
0.950432
0.684634
3.03876
0.942033
2.24223
0.214095
0.89256
1.02771
0.77501
0.407264
0.904031
0.496196
0.650487
0.486343
