Pressure, Change in distance between ball and goal
0,-165.835
0,-651.829
0,-688.922
0.00266636,1370.02
0.00713213,-38.3369
0.0232911,-391.055
0.0248507,357.308
0.0279745,-1328.38
0.0290294,-294.862
0.030628,-911.254
0.0353743,-340.179
0.0460902,-84.2296
0.0472394,-642.236
0.0517761,-2376.02
0.053503,958.503
0.0553025,-1275.09
0.060898,-88.8323
0.0616854,-3788.25
0.0726258,-1583.21
0.073264,-637.862
0.0739818,-2266.85
0.0746282,1416.2
0.076667,-3941.21
0.0789745,78.9238
0.0799266,-425.273
0.0825987,-914.674
0.0845829,150.637
0.0845934,-117.233
0.0885282,-2057.72
0.0886623,-1103.36
0.0910062,-2432.57
0.0935044,709.958
0.0950912,-877.041
0.0967828,-456.982
0.09938,1084.61
0.099876,-1323.23
0.100899,-738.953
0.103291,-1065.04
0.103543,-197.949
0.104358,-2021.29
0.109988,-543.773
0.110098,-1224.95
0.113871,253.288
0.117111,-892.758
0.117247,175.196
0.118102,-517.565
0.123909,117.677
0.123925,502.418
0.12843,-535.487
0.129252,-1828.85
0.130142,175.054
0.131463,-552.894
0.132419,-953.781
0.132476,399.937
0.135384,133.249
0.13549,1808.54
0.137679,619.533
0.137719,742.985
0.140717,-1271.7
0.145457,-1162.21
0.146898,-1748.99
0.149463,-1020.84
0.15055,-1105.79
0.15234,1886.51
0.152464,-1025.49
0.153629,-1217.25
0.154405,212.895
0.156304,946.694
0.157455,1065.08
0.158656,-29.8155
0.158902,-1886.7
0.159901,-938.952
0.161129,-12.4268
0.163165,-340.866
0.163539,-1634.79
0.167343,1067.85
0.168464,441.382
0.170672,-722.738
0.170999,-1876
0.172691,-1347.95
0.174386,-1180.73
0.176751,1403.61
0.177624,-445.261
0.181153,943.621
0.186051,-633.835
0.189754,1356.93
0.190786,-587.381
0.191368,429.88
0.194045,-361.873
0.194578,-1002.39
0.195374,-1665.74
0.197331,-1134.81
0.200412,-1019.38
0.201025,-1080.03
0.202945,1152.14
0.203781,-1705.94
0.206991,346.234
0.207641,-1420.14
0.208026,-95.9192
0.208124,-792.636
0.20885,-985.624
0.209386,966.606
0.209754,411.162
0.211145,363.303
0.214286,-945.414
0.215236,-1349
0.215715,-807.886
0.216874,-3118.64
0.218143,-619.281
0.218764,-1313.92
0.221225,288.627
0.221646,-37.641
0.222929,-1708.19
0.223423,-3515.75
0.224335,-521.206
0.226163,-585.608
0.227558,-2.13663
0.228344,-341.11
0.229118,-2312.08
0.230178,-1367.55
0.232532,1.62589
0.232811,1412.99
0.234152,-978.992
0.234313,185.015
0.234806,-1939.35
0.234914,-438.657
0.235703,624.204
0.236216,-757.426
0.237645,1389.84
0.238185,-1062.13
0.239341,-1331.12
0.240038,1502.11
0.242843,2133.83
0.243572,-422.429
0.24409,-134.365
0.248437,-1204.86
0.248502,1151.39
0.24905,-3241.7
0.249646,1296.6
0.250118,55.1016
0.2502,-1169.57
0.252916,-1088.03
0.253532,-123.923
0.254043,-724.998
0.254084,-1546.29
0.25527,-112.427
0.25602,-55.0388
0.256496,-1080.63
0.257038,529.18
0.257137,714.831
0.257718,486.908
0.259583,-960.995
0.259875,222.761
0.264794,-2976.15
0.266822,-1652.54
0.267071,-266.166
0.267317,1248.03
0.268281,-2210.09
0.270047,-1068.64
0.27183,959.148
0.272481,-56.9231
0.273954,1036.21
0.274157,-894.86
0.274972,938.883
0.27582,-983.815
0.277034,-1203.34
0.277795,391.666
0.278398,60.7823
0.278594,184.78
0.279696,-316.857
0.281002,-831.423
0.281499,-2158.4
0.282615,-1701.96
0.283488,-682.178
0.284535,449.151
0.285366,859.662
0.285434,-1686.06
0.288207,-1680.99
0.288956,-11.6205
0.291625,-2022.28
0.292218,-1922.81
0.293617,-964.616
0.295314,-861.735
0.297422,-190.745
0.298057,-1447.36
0.300347,-110.149
0.302278,-921.304
0.303028,2685.79
0.303395,-187.247
0.304362,-826.386
0.305224,-105.282
0.306091,2392.2
0.307868,-2433.62
0.310286,-3131.27
0.310553,-1735.94
0.310816,-321.616
0.31087,-2722.74
0.311425,-1767.11
0.312711,-2296.15
0.313382,-987.191
0.315486,-496.089
0.316772,-1468.88
0.31796,-875.796
0.318472,-216.194
0.318474,-534.34
0.319578,-209.28
0.319788,-587.001
0.321,891.327
0.32404,-265.735
0.325409,27.3553
0.325455,13.0968
0.326207,187.85
0.326219,1129.64
0.327863,-990.699
0.328622,-1708.61
0.329613,-1651.99
0.329997,-481.609
0.33006,-1524.46
0.331416,2010.83
0.334309,-2446.09
0.335514,-1485.7
0.335592,-1047.17
0.338153,-1887.95
0.339469,1020.23
0.339477,-537.012
0.341031,-1484.58
0.341905,-965.654
0.342035,-2156.72
0.343024,-696.935
0.344155,-1123.63
0.346206,-620.795
0.346874,-1136.45
0.34692,-703.29
0.347291,-10.4139
0.347891,-888.26
0.348488,-960.007
0.350371,729.584
0.350482,-1935.34
0.350931,-583.181
0.351875,168.476
0.352337,466.892
0.35496,-2158.93
0.355566,1415.95
0.356131,-863.677
0.356871,112.422
0.358034,-3162.43
0.358949,1149.48
0.360482,601.341
0.363323,-138.52
0.364733,1726.15
0.364834,-699.834
0.365143,-946.227
0.365434,-263.133
0.367847,1184.41
0.368574,-2250.04
0.368653,1331.26
0.369359,-148.853
0.370215,-2378.06
0.372813,809.032
0.373878,-1252.67
0.374463,-2660.5
0.375288,56.9458
0.375607,-545.424
0.376915,-1758.64
0.377037,-561.102
0.377992,2128.44
0.379499,-703.726
0.380208,354.243
0.380858,-2135.69
0.381788,-1960.25
0.382986,-1779.02
0.383887,-249.492
0.385398,-676.305
0.385587,197.395
0.386088,-1491.49
0.387267,-1951.77
0.389863,-1322.24
0.390718,-4834.38
0.390813,-486.026
0.391924,-450.942
0.392719,-2582.13
0.393859,-1043.53
0.393913,-943.327
0.39679,-887.825
0.396849,-643.675
0.397079,-68.1668
0.397828,-204.415
0.398046,1198.75
0.398161,-795.237
0.398647,8.16899
0.398856,-215.943
0.400398,-97.484
0.401612,141.673
0.401809,-83.9
0.402013,-1813.71
0.407879,99.0513
0.408052,-741.243
0.409324,170.551
0.410198,646.723
0.410786,-4028.7
0.410849,-2407.74
0.411265,-426.406
0.411753,187.868
0.412145,1003.08
0.412619,819.941
0.413395,-455.345
0.413502,-336.713
0.41389,-2352.19
0.414111,189.355
0.414432,520.892
0.414582,-1730.87
0.417537,-2416.88
0.418048,1128.58
0.418364,-3328.74
0.418387,-128.086
0.418983,1262.5
0.419664,-1985.1
0.420441,-1082.32
0.420442,-56.4162
0.42053,-142.295
0.42141,-890.119
0.421629,-159.043
0.421983,-2565.35
0.422282,1391.53
0.4224,-1901.32
0.423002,-1526.84
0.424321,-2932.33
0.424914,-1543.67
0.425104,-484.023
0.42835,1711.93
0.428867,-1022.68
0.431141,132.139
0.432158,-3492.62
0.432291,106.549
0.432792,-3583.96
0.433025,-117.702
0.433246,-336.468
0.433943,-163.24
0.434141,-3785.84
0.43433,-2414.15
0.436211,-301.663
0.437344,-116.37
0.437821,-1792.3
0.437932,912.133
0.437965,-635.583
0.438817,815.426
0.440443,56.6436
0.441209,-320.601
0.441674,-28.03
0.442375,-311.166
0.442499,-1783.1
0.443152,-1286.5
0.443968,-273.907
0.446615,-376.853
0.446691,-563.413
0.447564,-2561.6
0.448302,-927.271
0.448439,-521.39
0.449452,698.224
0.449556,-1301.08
0.449611,-760.485
0.450205,56.4397
0.450394,-3576.44
0.45208,-373.299
0.452313,25.3583
0.453411,-3546.39
0.453675,-1556.11
0.454337,589.07
0.454546,-838.349
0.455306,519.269
0.456571,-565.975
0.45678,47.0929
0.4572,-908.33
0.45786,-725.582
0.459258,-760.297
0.45944,-3112.69
0.4602,401.588
0.460818,-1311.66
0.461613,778.374
0.462894,-1410.99
0.467884,-1279.64
0.469322,31.3417
0.469739,-395.52
0.470776,139.43
0.471374,-695.871
0.472837,1749.14
0.474809,-3098.61
0.475225,877.869
0.47685,373.019
0.47694,-803.876
0.479115,-1678.74
0.47982,-356.386
0.480462,432.501
0.481305,681.823
0.48226,-1336.23
0.482567,362.522
0.482924,1337.57
0.483016,-1438.85
0.484003,-1826.36
0.484912,-1149.9
0.485351,-668.709
0.485921,-760.321
0.486014,165.159
0.486462,-1590.97
0.486867,-722.827
0.487281,-1740.59
0.49063,-70.2394
0.491033,957.414
0.491848,-1220.37
0.49222,-662.325
0.49227,-290.341
0.49276,-1041.44
0.494109,-2699.57
0.495163,-1073.93
0.495734,-2305.27
0.495881,-370.873
0.495991,866.211
0.49692,-1010.81
0.497387,-1878.6
0.497591,-342.88
0.500637,416.108
0.503687,-62.4537
0.504146,582.441
0.504148,-1037.31
0.5046,-415.057
0.504944,-1800.53
0.506256,2466.88
0.506735,-1717.49
0.507329,1203.03
0.508577,1155.6
0.508761,-351.42
0.509531,-2031.46
0.509552,1793.82
0.509613,-979.693
0.510266,-3406.48
0.510775,-2213.52
0.511425,-1616.72
0.511926,1018.3
0.512989,1104.92
0.513357,-225.237
0.513784,-208.284
0.51414,85.7226
0.51461,-766.8
0.515995,2114.34
0.518301,1059.1
0.518939,-94.263
0.523386,-594.72
0.523704,-2467.58
0.525076,-774.639
0.526151,-2288.19
0.527585,725.752
0.527651,-1607.88
0.527817,-1308.32
0.528145,-573.369
0.529912,-1723.23
0.531956,-126.238
0.533616,377.027
0.533771,-121.387
0.534567,-359.341
0.535883,-2.02594
0.536927,492.004
0.537661,548.833
0.538316,67.6605
0.539154,-500.854
0.540272,-320.11
0.540489,-2675.37
0.541216,742.418
0.542519,-2112.59
0.542896,-1113.86
0.542911,1268.51
0.543864,512.81
0.543989,168.888
0.547056,-876.345
0.547383,-837.849
0.547918,-2577.87
0.54891,-1373.38
0.549548,509.271
0.550248,-1367.72
0.552487,100.037
0.553687,927.678
0.554193,-993.535
0.55557,-1190.66
0.556431,-487.672
0.556586,-1793.73
0.560191,436.674
0.561694,-2437.85
0.56323,-1842.98
0.564182,-75.398
0.564941,-18.5016
0.566362,-3811.11
0.566861,1970.62
0.567434,767.758
0.57001,-417.049
0.571778,-2845.43
0.572847,-4012.5
0.573203,-149.132
0.573551,-709.947
0.575329,3707.05
0.576007,-273.325
0.576238,406.842
0.576708,-823.845
0.577384,-1315.46
0.578448,-766.54
0.578718,-282.883
0.580658,-272.472
0.581714,-1208.95
0.582526,-1507.85
0.582618,-136.706
0.583211,-655.683
0.585457,-975.07
0.585551,-1266.98
0.58852,-1258.16
0.588622,-675.425
0.588734,-131.895
0.590521,-404.003
0.591924,-3516.69
0.592746,-474.385
0.595444,-2802.09
0.595849,-17.0926
0.596758,921.517
0.596858,-547.449
0.598557,-984.577
0.598931,-1736.31
0.601366,-518.367
0.601518,-107.107
0.601687,-176.808
0.602801,-1828.84
0.603397,521.519
0.603558,-1524.42
0.604766,-1852.35
0.605598,-1595.07
0.606085,1244.72
0.606355,288.886
0.606902,-229.337
0.607511,38.7375
0.607555,-758.065
0.607841,-1814.78
0.608909,-1201.08
0.609148,-441.491
0.609445,-273.385
0.610014,549.645
0.610297,442.642
0.610541,-343.616
0.610865,-1784.36
0.611558,1062.68
0.613013,24.8033
0.613524,-3674.07
0.613537,3101.7
0.614225,1616.65
0.614649,-622.824
0.615237,112.485
0.615258,109.983
0.615747,-572.306
0.619007,-491.983
0.619525,-1311.1
0.619858,947.141
0.621577,256.963
0.623448,95.7388
0.624337,-2966.33
0.625974,72.4891
0.628378,-25.3989
0.62909,424.331
0.629469,215.474
0.630375,-936.645
0.632989,800.281
0.633112,-739.92
0.634451,-1474.14
0.636386,-1993.43
0.636476,-2739.88
0.637858,890.563
0.638755,-1348.21
0.638817,358.918
0.639387,-1612.18
0.639512,-2251.08
0.640058,-634.848
0.640286,726.821
0.640384,-1174.01
0.641167,-1741.27
0.641485,780.937
0.641937,-1284.51
0.642391,-2471.22
0.644378,-3714.23
0.646043,726.38
0.647162,-158.853
0.647995,-431.454
0.648207,-1982.89
0.64937,401.812
0.649377,-233.001
0.649408,958.951
0.651411,-1900.34
0.653454,-786.816
0.657245,-1498.88
0.657432,-3873.78
0.657723,-1104.53
0.65938,13.8571
0.659397,-211.321
0.660236,-1942.98
0.661191,-2950.95
0.661747,-1312.46
0.661886,-2096.16
0.662825,-1712.2
0.663448,-541.05
0.663569,-2035.83
0.664084,2079.27
0.664874,-512.428
0.66551,1093.73
0.666153,1202.62
0.666202,-673.903
0.667199,-2026.54
0.66725,-951.091
0.668376,246.37
0.668744,-1410.62
0.669366,-2160.19
0.670433,-783.885
0.673632,-1730.51
0.675101,403.484
0.676595,-523.357
0.677639,-3623.63
0.677874,-987.183
0.681715,-71.9565
0.681901,263.466
0.682146,-3435.07
0.682512,-1855.71
0.683415,-512.986
0.684935,-317.906
0.685807,-596.495
0.686217,-1777.09
0.688488,557.012
0.690451,-6677.3
0.691164,977.61
0.692636,-328.632
0.693316,-787.655
0.695095,-492.566
0.699537,-1191.73
0.699573,505.738
0.700117,-1337.79
0.700495,-277.773
0.700688,-1325.34
0.701109,-1126.84
0.70121,481.562
0.70183,75.2836
0.703768,870.027
0.704266,999.85
0.704616,-1925.56
0.704627,2154.56
0.704839,-4512.31
0.704941,1721.92
0.705596,1425.62
0.705928,-2191.53
0.706111,306.382
0.707635,-644.485
0.708647,-1503.25
0.708995,-1658.73
0.709044,289.738
0.709456,-170.678
0.709513,-1040.1
0.709524,-744.876
0.711767,-1753.08
0.712871,526.098
0.713729,873.364
0.713808,-2412.18
0.714335,722.625
0.714719,-903.515
0.715607,-848.472
0.71642,-1975.5
0.716915,119.144
0.717741,-1426.14
0.7185,-2506.96
0.719476,-627.01
0.721274,-225.149
0.72213,-641.557
0.724507,-561.267
0.724596,-960.428
0.724634,1430.52
0.724886,-2330.54
0.725022,-989.988
0.725459,-794.177
0.728521,-1138.46
0.729624,-1534.43
0.72966,-1146.05
0.731698,2983.03
0.731732,-119.45
0.733612,-1966.67
0.734254,-2299.02
0.734702,-1309.24
0.734976,-2427.98
0.73528,-1568.1
0.735971,-552.098
0.736629,-113.893
0.738097,-2019.25
0.738288,-2461.11
0.740633,-3516.51
0.740848,141.915
0.741052,208.539
0.742805,899.618
0.743778,-712.755
0.743898,-3710.2
0.744773,-140.17
0.74589,-2263.3
0.745926,-161.991
0.745999,-2768.15
0.746779,818.847
0.747693,-884.863
0.747714,704.874
0.747762,-997.309
0.74832,383.439
0.748484,-1125.47
0.748695,640.426
0.748989,189.338
0.749131,1010.53
0.750507,2691.32
0.75153,-208.705
0.751648,2325.03
0.753435,-1202.69
0.755799,-1199.89
0.75605,1104.21
0.756155,3003.65
0.756527,-351.993
0.762161,1291.34
0.762347,212.609
0.763865,427.437
0.764652,-1950.67
0.76543,28.0613
0.76641,-1314.68
0.766726,1087.18
0.767014,-2015.01
0.769459,-1172.33
0.769573,-4347.3
0.769894,613.524
0.772773,42.1585
0.773119,307.602
0.776537,231.13
0.776821,526.175
0.777044,-1724.08
0.777693,-1033.88
0.778107,-1787.73
0.779247,-721.045
0.781059,-178.971
0.781233,745.596
0.781283,-368.342
0.781856,-846.064
0.783409,-380.598
0.783489,389.036
0.784717,-828.747
0.784803,-596.797
0.786734,-1012.23
0.786962,2232.02
0.787994,11.8211
0.788883,431.405
0.789496,-282.453
0.789699,-2222.11
0.790286,-3516.56
0.790383,-1187.23
0.790747,-184.506
0.792271,-2427.83
0.792457,-684.386
0.792749,-538.202
0.794008,-2635.2
0.794726,-1087.16
0.795122,-340.665
0.798538,441.889
0.798726,344.881
0.799045,808.45
0.799923,1898.4
0.799963,-152.31
0.803579,141.272
0.80365,-227.884
0.805208,-1267.56
0.805715,1034.22
0.806501,-126.641
0.806949,-445.821
0.808532,-123.463
0.811126,-1854.06
0.813307,-2750.22
0.814556,-836.645
0.815557,-1865.18
0.815759,-38.9515
0.817097,-535.938
0.819472,-1781.85
0.820289,516.494
0.820476,-1449.26
0.820582,-1161.57
0.82095,-100.781
0.821924,8.98087
0.823751,-2548.53
0.82485,580.382
0.82684,122.91
0.829523,1278
0.829593,-951.596
0.830079,298
0.837018,2354.85
0.83723,1434.65
0.837663,1372.05
0.837843,-551.672
0.839845,-138.255
0.840113,99.9325
0.841788,484.533
0.841967,886.559
0.841994,-927.04
0.842785,-18.4338
0.84385,-2055.78
0.845054,-3043.9
0.845656,-222.229
0.84828,-1680.94
0.848975,386.654
0.850041,-536.045
0.850956,-339.954
0.85099,26.9574
0.85288,1221.48
0.854442,697.106
0.856125,-926.51
0.856615,-1389.69
0.85727,-1983.39
0.85771,96.2105
0.857714,1847.23
0.857963,371.841
0.859003,-116.701
0.859762,-4.44613
0.860539,1191.03
0.861024,322.263
0.861568,456.923
0.864559,-1305.25
0.867816,1694.22
0.869066,651.541
0.869094,-358.314
0.869635,-1915.01
0.870467,-1391.84
0.87079,729.183
0.871232,397.898
0.873154,-699.716
0.874431,-541.629
0.876321,660.927
0.878015,-60.1929
0.878822,-1155.24
0.879352,373.788
0.879533,36.5852
0.879723,-283.372
0.880265,-733.154
0.881174,-163.131
0.881315,731.531
0.882334,154.171
0.882559,-1383.83
0.883144,-2370.97
0.884414,1039.62
0.884935,90.9663
0.885738,-1184.8
0.88759,-422.43
0.888116,1913.5
0.889408,194.91
0.890099,-2672.64
0.890349,290.134
0.890435,-263.413
0.891004,302.593
0.891395,-904.744
0.891573,-1509.12
0.891736,793.276
0.893142,-41.3303
0.893598,-890.821
0.893777,-1119.16
0.895461,493.389
0.896027,1172.88
0.896921,-756.855
0.899473,-442.047
0.900966,-865.338
0.901407,51.8273
0.903523,-1311.82
0.905138,-683.269
0.905576,-2122.14
0.905838,573.472
0.908033,1255.71
0.910248,-1046.74
0.910679,-1772.42
0.911072,-783.608
0.912574,-887.29
0.913011,-752.042
0.913534,-169.695
0.914009,755.568
0.914696,-1092.25
0.915805,-1649.16
0.915947,-1543.84
0.917225,-3810.79
0.917599,291.405
0.918179,169.453
0.918346,827.08
0.92039,-127.96
0.920678,-2509.33
0.921275,-1661.77
0.9234,-850.296
0.930722,322.728
0.932553,-610.26
0.934339,-959.894
0.935629,-3174.24
0.940513,-1593.12
0.942807,-1988.68
0.943568,-263.951
0.944024,168.989
0.944191,-601.97
0.944454,105.653
0.944954,-771.53
0.945521,-813.188
0.945635,2016.49
0.947969,-1262.88
0.948772,-1021.92
0.951281,-1483.32
0.951965,-695.719
0.954071,303.914
0.955243,-2671.17
0.958064,1745.05
0.959587,189.61
0.960998,607.986
0.961745,-1978.31
0.963482,117.337
0.965893,-613.951
0.966335,143.196
0.968791,747.457
0.969269,-1256.76
0.969686,-1481.13
0.971287,250.767
0.973162,-630.807
0.973899,1994.04
0.975788,-596.179
0.976577,377.314
0.976782,-791.705
0.977666,198.953
0.979066,-826.366
0.979409,-937.174
0.979449,962.609
0.980726,-597.279
0.983883,714.841
0.983984,-37.9693
0.986994,-1235.72
0.987173,-2345.88
0.987441,328.589
0.987551,-1055.4
0.987965,-783.426
0.989309,-486.74
0.990516,158.688
0.991906,1239.4
0.992016,-759.11
0.993619,2387.52
0.993647,-1131.12
0.996708,457.493
1.00057,-132.457
1.00072,-219.114
1.00221,832.209
1.00474,-1154.37
1.0055,-1578.67
1.00624,-2027.34
1.00927,-141.532
1.01085,-962.272
1.01157,-886.353
1.01172,-1343.69
1.01374,-276.485
1.01577,-1721.64
1.01625,-280.135
1.01651,1379.61
1.01829,-1495.48
1.01988,-1987.89
1.0209,-1200.59
1.02158,-866.45
1.02584,-679.09
1.02592,80.8831
1.02639,196.535
1.02902,77.788
1.03023,-572.313
1.03051,-1182.66
1.03244,-285.822
1.03335,-1585.16
1.03403,-400.909
1.03501,-2356.24
1.03653,2498.52
1.03784,-1638.08
1.04002,486.886
1.04102,-320.816
1.0413,2965.9
1.04166,500.485
1.04418,65.6847
1.04503,-830.975
1.04619,-2508.22
1.04633,-325.623
1.04924,354.878
1.04948,-893.297
1.05182,506.268
1.05547,-5213.34
1.05548,-190.542
1.05718,-1793.06
1.06003,-1670.95
1.06005,-1855.98
1.06266,390.289
1.06459,-1204.13
1.06693,-1973.61
1.0673,720.457
1.06764,-300.073
1.06947,1088.31
1.07226,507.586
1.07274,-963.967
1.07385,-1436.41
1.07794,75.683
1.07832,376.799
1.07856,2593.85
1.0789,-660.113
1.0807,-365.442
1.0809,-36.0732
1.08455,1591.26
1.08891,812.099
1.09147,-1186.95
1.09392,-629.229
1.0951,-2461.01
1.09533,-124.611
1.09633,-688.427
1.09747,-33.5307
1.0977,-1948.19
1.09795,2708.41
1.09869,-908.212
1.09913,-229.199
1.09941,-852.677
1.10065,-366.919
1.10125,-1130.68
1.10256,-1872.6
1.10314,-2164.94
1.10565,-1562.98
1.10586,37.3626
1.11078,-2059.85
1.11264,396.851
1.11364,-1743.11
1.11592,-496.539
1.11646,45.6514
1.11811,-1206.91
1.11823,-1684.49
1.11954,-981.347
1.12205,816.579
1.12465,-1034.43
1.12613,-2055.77
1.12814,691.007
1.13326,-494.38
1.13464,-2456.09
1.13572,-1078.25
1.13598,-314.403
1.13744,-1451.47
1.13944,-787.365
1.14139,-1067.47
1.14217,-742.386
1.14449,582.339
1.14505,-339.642
1.14642,-1107.1
1.15126,-2751.89
1.15158,-378.403
1.15322,-593.498
1.15405,-581.931
1.15413,866.896
1.15504,-2542.72
1.15559,906.164
1.15575,1065.08
1.15914,-2178.49
1.15926,-163.193
1.16081,-113.165
1.16083,-801.949
1.16236,-1554.91
1.16433,-1354.95
1.16807,-418.086
1.16944,-583.294
1.16947,-793.485
1.17037,-2915.76
1.17108,315.154
1.17222,-103.641
1.17396,1755.48
1.17449,-652.96
1.17507,141.675
1.17518,-527.135
1.17635,1650.7
1.17807,-469.727
1.18007,-865.076
1.18015,-276.604
1.18082,-619.049
1.18091,2506.88
1.18199,327.554
1.18428,796.216
1.18509,-740.564
1.1859,983.993
1.18623,-2873.76
1.18747,-57.3598
1.18772,985.23
1.18777,-729.701
1.18856,840.564
1.19164,263.918
1.19278,-722.326
1.19355,-1070.65
1.19494,129.97
1.19864,-282.741
1.20265,-590.844
1.20348,-1986.36
1.20736,-786.519
1.21157,1133.88
1.21578,395.198
1.21783,-528.761
1.2208,-143.861
1.22123,-1092.33
1.22175,-2000.36
1.22361,-550.198
1.22621,-1702.28
1.22922,1835.19
1.22934,553.757
1.23285,60.6752
1.23438,-1035.1
1.23963,-780.69
1.23967,-951.118
1.25421,672.601
1.25515,1210.77
1.25545,-760.368
1.25594,269.231
1.25785,767.795
1.26323,154.37
1.26327,371.817
1.26327,-223.42
1.26479,-767.604
1.26581,-733.274
1.26619,-1532.97
1.26902,-2716.98
1.27006,8.86968
1.27259,397.744
1.2759,-84.3378
1.2766,-194.96
1.2768,-539.605
1.27905,-1583.89
1.27934,-18.0111
1.28034,2212.19
1.2812,1803.35
1.28207,1788.31
1.29051,523.778
1.29172,-1707.82
1.29232,556.915
1.29602,-812.936
1.29604,-663.965
1.29732,-103.699
1.30108,163.678
1.30347,-1167.42
1.30474,-2300.69
1.3063,195.247
1.30717,-980.552
1.30749,-1900.85
1.30944,-127.59
1.31055,-820.106
1.31085,-365.335
1.31254,-517.563
1.31591,237.528
1.31957,-3604.4
1.32272,-42.5184
1.3244,-3261.4
1.32474,-551.261
1.32644,-1053.48
1.3271,-330.029
1.33527,-517.775
1.33638,156.743
1.33809,104.302
1.33856,-1466.9
1.3448,-731.583
1.34778,-1194.47
1.35019,-2220.66
1.35215,-500.22
1.3561,581.997
1.35889,-704.381
1.35934,-144.72
1.35952,-3381.74
1.35954,-1505.23
1.36224,-556.022
1.36411,197.3
1.36621,-689.141
1.3668,1394.66
1.36873,868.182
1.37074,-987.023
1.37093,367.749
1.37115,-1039.04
1.37327,156.413
1.37542,-4668.52
1.38123,-2344.76
1.38554,236.681
1.38938,-379.104
1.38977,-2038.02
1.39017,2529.03
1.39232,-1795.79
1.39599,-476.821
1.4026,707.33
1.40617,594.514
1.41299,1937.09
1.41467,-1408.76
1.41585,-768.772
1.42054,-618.78
1.42518,-6.79769
1.4279,-396.007
1.4291,176.623
1.43032,-1832.26
1.43419,-2571.79
1.43528,-1422.47
1.43856,835.141
1.43874,-215.977
1.43969,-1986.62
1.44077,2660.07
1.44167,1606.85
1.44349,-513.605
1.44614,-1165.43
1.44714,283.441
1.45045,-790.855
1.45212,-1745.77
1.4527,-354.679
1.45556,49.1743
1.45803,-1086.4
1.46039,1365.69
1.46106,1271.09
1.46325,477.603
1.46384,-1423.69
1.46457,217.29
1.46971,-1796.05
1.47085,-3541.07
1.47942,-60.3049
1.48111,913.938
1.48252,-612.74
1.48345,163.869
1.48503,-598.571
1.48535,820.438
1.48658,-1324.64
1.48843,-1110.8
1.48905,-916.751
1.4911,-476.485
1.495,-1114.19
1.50017,-365.479
1.50412,-1985.15
1.51004,-459.328
1.51573,-1398.79
1.51632,-616.612
1.51659,-926.895
1.5184,346.632
1.51863,-4056.01
1.51992,917.241
1.53021,-863.908
1.53605,-1228.28
1.53772,-1965.6
1.54335,-1240.31
1.54788,-1598.18
1.54812,-1189.28
1.56334,939.921
1.56349,2133.37
1.56476,163.1
1.56656,-69.0151
1.56918,-843.318
1.56936,249.529
1.57669,599.73
1.58003,-423.62
1.58347,-1316.32
1.58351,-1912.44
1.58503,337.813
1.58889,678.746
1.59022,-1353.23
1.5923,-122.575
1.5934,197.973
1.59772,-1072.78
1.59978,-718.686
1.60158,595.289
1.60586,478.398
1.60597,1643.35
1.60784,-2903.68
1.60874,1711.2
1.60933,-478.681
1.61364,610.445
1.61683,-1031.09
1.62116,-414.05
1.62175,-857.627
1.62449,-450.838
1.62501,-280.401
1.62642,-708.557
1.63031,1013.33
1.63324,-2657.81
1.6334,-476.737
1.63582,-1974.99
1.64142,-2325.67
1.64175,-1208.61
1.64942,-418.178
1.66101,-117.271
1.66329,-7.33215
1.66333,-2375.97
1.6687,1262.09
1.66987,293.985
1.6715,2578.2
1.6748,343.331
1.67591,-672.555
1.68,625.374
1.68036,-664.236
1.68102,-1246.4
1.68394,566.852
1.6967,-129.205
1.69725,-438.45
1.70293,-137.433
1.70512,1276.02
1.70656,-67.5012
1.70762,94.805
1.70896,-648.099
1.7123,80.3454
1.71783,-163.385
1.72219,-53.8758
1.72467,731.722
1.72637,554.523
1.72686,-1773.12
1.72806,-142.249
1.7437,-439.539
1.74533,343.043
1.74622,-74.9784
1.75098,720.179
1.75153,141.381
1.75173,-1067.88
1.76195,-391.32
1.76302,426.176
1.76873,-1360.4
1.77225,-2901.38
1.77846,-2097.82
1.78162,-1121
1.78632,-664.804
1.78679,-1374.92
1.79118,760.964
1.79127,-1073.54
1.79359,-54.0233
1.81238,-286.116
1.81247,-263.603
1.81377,-1181.03
1.81769,-457.376
1.81956,-730.848
1.82183,-2611.4
1.82333,-80.1497
1.82485,358.28
1.82679,511.118
1.83223,-313.844
1.83491,-414.421
1.83744,-2059.05
1.84272,-1979.11
1.84755,-252.149
1.85397,-2607.3
1.85526,352.514
1.86345,-109.946
1.86359,-115.733
1.86478,-374.702
1.87397,-136.102
1.88674,-1377.68
1.91543,5.50817
1.91616,-464.031
1.92122,-1761
1.92554,146.363
1.92854,-1892.03
1.92866,-937.394
1.93338,-2185.38
1.93614,-608.659
1.93702,-2769.23
1.95035,718.862
1.95459,-998.322
1.95517,702.268
1.95865,-754.953
1.95903,-1175.26
1.96909,294.225
1.9719,-222.87
1.97401,-569.082
1.97418,-880.014
1.97446,-912.54
1.98796,-1269.56
1.99368,-1057.29
1.99377,485.912
2.0002,290.568
2.00167,30.2474
2.01105,-787.561
2.01359,107.557
2.01426,-238.665
2.0149,176.729
2.01942,-1844.35
2.02668,285.648
2.03055,-1166.27
2.03435,1132
2.04208,-1798.95
2.04281,618.572
2.05207,418.937
2.05386,199.515
2.06184,46.8802
2.07503,-637.797
2.07845,-902.975
2.08518,890.261
2.08836,-282.641
2.09841,-1736.99
2.09959,803.304
2.10062,636.287
2.10811,-58.065
2.10919,-372.336
2.11285,10.4587
2.11609,-332.09
2.15235,-972.452
2.157,-258.314
2.1574,-230.703
2.16583,21.7869
2.17086,1514.15
2.17741,-766.047
2.17748,-752.536
2.18651,-1692.81
2.2052,-313.994
2.20675,-286.557
2.20739,821.621
2.20804,740.258
2.21086,-906.927
2.21117,282.335
2.21663,-445.131
2.21814,627.258
2.22409,-198.731
2.25312,-1448.36
2.254,1433.47
2.26325,-153.366
2.26639,-2236.05
2.26838,-404.391
2.27681,-545.69
2.29437,903.627
2.30456,-1265.13
2.3054,-1017.77
2.32944,924.15
2.32971,82.7865
2.3332,-1878.49
2.34035,-304.12
2.34182,688.663
2.34607,155.283
2.35311,-778.403
2.35545,-772.268
2.37333,-181.013
2.39494,-4735.41
2.41192,-1641.94
2.41199,342.783
2.41537,-48.9807
2.41688,-966.159
2.42142,881.991
2.43271,-408.429
2.44459,-578.64
2.48439,-5279.52
2.49691,1187.45
2.50367,-121.707
2.50372,449.649
2.50516,-805.04
2.51595,1548.26
2.52222,-652.381
2.52665,-326.434
2.53866,965.511
2.5463,-1911.59
2.5478,-828.811
2.5497,-9.93956
2.55701,-401.766
2.55783,-1721.86
2.57125,695.959
2.57335,-1579
2.58754,661.045
2.58874,-479.574
2.58916,-444.471
2.59361,-72.5521
2.60415,-2918.54
2.61097,479.936
2.64695,950.459
2.64746,-1359
2.65616,-2536.96
2.66829,-190.742
2.67443,2375.95
2.67673,-1636.03
2.68925,-1851.51
2.71925,751.059
2.73371,291.753
2.73554,-1804.72
2.73846,-482.248
2.74188,-418.84
2.7482,-508.467
2.77809,-4184.64
2.8053,-898.217
2.81576,-227.552
2.8207,804.285
2.83188,-160.901
2.83585,339.802
2.83641,391.251
2.83816,-1295.72
2.89492,-1653.67
2.90694,-604.623
2.91272,311.1
2.9364,305.943
2.94771,-286.468
2.94925,-2626.21
2.95695,311.196
2.96307,-631.893
3.06268,-3056.81
3.08589,753.326
3.09718,1249.26
3.1167,-512.281
3.11791,-918.699
3.14422,805.884
3.16868,-1757.81
3.18825,-1027.55
3.19416,-721.239
3.20696,783.805
3.20771,-718.216
3.26025,-136.832
3.27256,1562.32
3.28202,-238.548
3.30066,926.998
3.30682,2389.32
3.32054,-1127.36
3.32614,-645.406
3.3309,-2675.14
3.33193,801.102
3.43953,-2166.86
3.46393,-661.481
3.47386,-257.53
3.61072,-817.494
3.62497,854.117
3.80225,-968.176
3.8032,293.153
3.80651,-1826.56
3.86157,-2843.77
3.88551,-66.9136
3.96573,-645.436
3.97088,196.154
3.97848,389.876
4.00487,1502.3
4.02902,-329.035
4.20105,-43.4537
4.41863,-1136.31
4.52336,481.36
4.57279,-800.006
4.58161,-60.566
5.82195,1515.8
6.50944,459.561
6.5563,-2551.83
