Pressure
0.523525
1.39179
0.394149
0.755434
0.438687
0.604765
0.405245
3.44236
3.03025
0.48402
0.729443
1.64901
0.421195
0.451277
1.18277
0.62648
0.618594
0.566718
2.05263
1.15352
0.803612
0.345815
0.741212
0.267497
0.0369424
0.739362
2.0834
5.17229
0.662001
0.581088
1.90475
0.893426
1.53517
0.226255
0.367374
1.70776
1.03868
1.38825
0.317458
1.13339
0.642968
2.30743
0.153754
0.952574
0.310822
1.34982
0.248896
0.549783
1.89359
0.337296
0.483149
2.25054
0.22491
0.883518
0.833153
0.60503
0.708456
1.49159
1.65865
0.952123
1.22043
0.448916
0.595575
0.885229
0.450875
1.09019
0.26397
0.135079
2.11608
0.667874
0.527483
0.786189
3.1442
0.0795053
2.47204
0.292009
1.49255
2.24792
1.09682
1.93792
1.13301
0.48727
0.351819
0.922835
0.00871469
0.676252
0.615325
0.701248
0.602684
3.97023
3.60933
1.34564
1.04217
3.64846
0.272837
3.66256
0.591332
2.11437
1.40663
2.14514
1.81361
1.20953
0.659778
3.09908
0.708884
0.321207
1.13959
0.705579
2.04416
0.0938779
0.842082
0.794009
0.781401
0.48371
2.73729
1.35055
0.742787
0.676608
0.458896
0.672314
0.525589
0.449316
1.51619
0.136853
1.00345
1.27311
1.5803
0.193946
0.278692
3.94084
0.497382
0.802106
0.222716
0.762246
0.997681
0.177622
2.56284
0.545598
1.60775
1.47919
1.83529
0.917022
0.536881
0.738879
0.175331
2.53365
1.11606
0.209233
0.719339
1.36651
0.599406
0.620815
0.949721
0.233113
0.0713008
0.308219
0.201767
0.30747
2.04508
0.593834
1.26442
1.53046
1.35549
1.81277
0.186816
1.49562
6.03589
1.12366
3.81042
0.299533
0.595169
1.92234
0.763754
2.83257
1.39443
1.60033
0.244101
0.894063
1.37557
0.281279
1.69607
0.282707
2.14168
3.04969
0.234088
0.309479
0.860063
0.452591
3.14855
1.58825
1.88188
0.762763
0.286624
0.133221
0.217518
0.206098
1.19227
0.981823
2.36512
0.982
0.35635
0.381478
0.184215
2.76582
0.290047
0.0970343
0.547322
1.69238
0.708937
0.360472
1.40061
0.101781
0.0176516
1.69393
0.774977
0.234125
1.73863
0.589817
1.17583
1.52716
2.36008
1.92346
0.542465
0.0903957
1.29268
0.344195
1.45648
1.17059
0.476531
1.42992
0.723441
0.642771
0.241622
0.0607265
0.205173
1.0768
0.69884
1.02413
0.771437
0.356549
0.235205
0.451067
0.667195
0.269746
0.606281
0.593532
0.688894
0.399698
2.13974
3.07819
1.16159
0.27729
1.15295
0.509595
0.372557
2.90854
0.177024
2.55342
1.05362
