Pressure, Change in distance between ball and goal
0,1890.79
0,-2149.27
0,-105.086
0,-11.8865
0,829.807
0,-708.016
0.00150501,688.487
0.00335269,-792.988
0.0133464,1174.36
0.0152568,-720.952
0.0187951,425.797
0.0188477,-523.183
0.0219622,-987.079
0.0233996,-703.981
0.0240714,-699.761
0.0246482,-585.934
0.0267846,-2681.5
0.0344456,-1529.2
0.0358762,-534.504
0.0380027,-1255.76
0.0400739,-617.741
0.0409097,384.178
0.0430205,452.745
0.0431968,-2009.13
0.0532255,-2992
0.0544013,1141.29
0.0545271,-1846.64
0.0567495,2013.49
0.0584391,-40.3767
0.0614522,-1471.14
0.0625816,-2338.89
0.0687531,-1174.92
0.0699677,-131.873
0.0708919,495.959
0.0713089,598.837
0.0728683,-806.13
0.073075,-492.112
0.0748302,-440.159
0.0769271,-579.523
0.0770976,316.259
0.0786826,-85.7142
0.08003,-1812.91
0.0811374,-2097.32
0.0832042,-888.846
0.0843033,-844.82
0.0866032,-2698.82
0.0868024,2049.87
0.0893176,373.899
0.0908651,134.976
0.0912703,-286.677
0.0916051,-508.974
0.0959146,-1369.55
0.0984899,913.439
0.0989268,-1157.09
0.0994329,236.522
0.102138,-1293.52
0.103857,-1539.57
0.10734,393.844
0.10738,-712.627
0.109723,-240.096
0.111148,-107.725
0.112109,-142.935
0.113384,310.115
0.11425,482.452
0.115118,2999.84
0.116502,-957.323
0.118028,372.816
0.119532,-1058.18
0.121133,-777.361
0.122157,-93.9383
0.12317,3630.4
0.126162,98.7931
0.127722,-853.882
0.128117,113.214
0.129004,-60.5861
0.132523,-1930.45
0.132731,-457.002
0.132961,-1385.82
0.133404,-551.748
0.133506,2808.25
0.134594,152.847
0.135247,272.922
0.136308,1995.32
0.136704,541.016
0.138959,-1667.01
0.139639,434.023
0.144412,-1042.44
0.145969,-2092.38
0.147872,-1679.53
0.148365,-2314.77
0.148889,-1578.69
0.149044,-1348.91
0.149855,-508.739
0.151772,171.944
0.152101,-491.429
0.155261,-1831.07
0.156651,-82.4185
0.158829,184.845
0.159891,-704.856
0.160217,-801.365
0.160373,322.523
0.162387,460.795
0.162749,716.489
0.163208,-3424.85
0.163343,-1528.37
0.164163,-730.507
0.165739,-32.2072
0.166175,1209.07
0.166198,-896.193
0.167486,143.805
0.167923,-1219.92
0.168676,2184.79
0.169424,-1273.12
0.169687,-440.791
0.171899,-2556.43
0.175722,-111.787
0.176086,-148.271
0.178902,-231.717
0.179573,-623.29
0.179886,-39.4989
0.180111,-1359.17
0.181599,453.735
0.182016,17.3627
0.183452,-1930.05
0.183827,3273.45
0.187113,-3236.62
0.189095,-534.638
0.191,-1557.44
0.192421,-2001.04
0.192795,-3116.92
0.194982,308.636
0.195249,-474.212
0.195273,1985.94
0.196648,-387.905
0.196898,-435.648
0.197778,-1172.74
0.197885,-135.514
0.20029,1192.41
0.200346,-589.441
0.200936,831.819
0.201107,-321.879
0.20125,380.158
0.201406,-1408.37
0.201879,372.656
0.202135,817.185
0.203431,141.652
0.204495,-266.805
0.206269,135.036
0.210583,181.522
0.211612,414.52
0.21277,-1915.56
0.213598,-157.584
0.213641,-1137.23
0.213768,-2232.59
0.214474,-583.396
0.215057,-137.471
0.215222,537.373
0.216276,-141.719
0.219029,-672.079
0.219581,-294.962
0.220068,1487.57
0.22082,-1354.71
0.221525,-987.215
0.222065,762.388
0.222862,-1225.75
0.223098,-24.6206
0.22474,-50.5597
0.226872,127.916
0.227241,-543.667
0.228147,389.944
0.229378,139.229
0.229652,-1819.51
0.230789,-963.668
0.231594,-6.98091
0.232434,1596.65
0.234534,-1309.93
0.235463,-1114.74
0.236821,-711.303
0.236837,-1318.84
0.237178,-685.591
0.237892,-837.98
0.237926,-337.929
0.238045,-1397.14
0.238322,596.11
0.238739,-2857.74
0.239389,-765.445
0.239665,-2085.08
0.240239,860.294
0.240874,-615.317
0.241589,-1182.04
0.242503,-1000.84
0.243595,208.283
0.244126,206.326
0.244478,-449.756
0.246344,-331.765
0.247653,-920.401
0.24839,-804.706
0.251383,-900.791
0.252115,-1395.99
0.254548,1474.72
0.25494,-1075.52
0.255416,-2129.56
0.256244,-999.965
0.257017,82.6184
0.257611,-710.5
0.258439,137.552
0.258516,-3356.21
0.258676,-653.864
0.261078,-966.327
0.261392,-2429.07
0.261756,-2887.96
0.261899,-461.057
0.262833,-857.733
0.263468,41.9831
0.265136,-1007.3
0.265494,-30.6235
0.265544,313.199
0.26597,-1443.76
0.26687,218.169
0.268249,-344.861
0.269707,-1102.42
0.269975,-93.5415
0.270105,202.109
0.271231,2329.18
0.271588,-76.5316
0.27163,-605.989
0.271815,-129.92
0.271875,185.662
0.272208,3110.09
0.273442,-596.268
0.274782,636.557
0.276252,-360.197
0.277534,-260.363
0.278284,-504.778
0.279034,1002.41
0.279053,-81.5123
0.279366,-575.681
0.279742,50.6192
0.28114,-679.685
0.281703,-529.465
0.281933,999.837
0.282453,-646.881
0.283017,-1560.99
0.284195,-1308.51
0.284707,-1911.98
0.284799,-952.414
0.288935,256.616
0.289122,-1183.87
0.289526,-654.554
0.290768,-568.155
0.290853,-1593.76
0.291931,2693.17
0.292305,272.616
0.292421,85.4101
0.295086,2154.31
0.295912,-1723.01
0.295998,218.357
0.297363,1087.25
0.299138,-846.267
0.299514,-2703.3
0.300041,-114.157
0.300427,-579.719
0.301276,619.137
0.301939,-715.432
0.302629,-602.823
0.305799,-1141.67
0.306311,130.337
0.307852,1172.36
0.308036,-1710.75
0.309005,-8.26748
0.309096,-119.952
0.30917,-1464.11
0.309525,609.87
0.31005,1339.39
0.310929,-1.34303
0.312643,-1407.6
0.312955,-897.424
0.313171,-2481.73
0.313285,-2237.85
0.31395,-225.002
0.315556,-84.7028
0.31598,874.837
0.317584,-739.361
0.317592,-251.163
0.318388,-179.735
0.318567,1180.77
0.318813,2059.31
0.31916,-1078.72
0.319227,-438.917
0.319453,-323.405
0.321401,-1106.68
0.322371,580.192
0.322417,-260.553
0.323184,-2636.47
0.32405,-48.0438
0.32447,982.655
0.325212,-175.928
0.326583,-361.076
0.327372,-789.086
0.327403,371.909
0.327815,-2069.32
0.32845,985.91
0.328458,914.353
0.329299,-1364.04
0.329339,-1288.84
0.330322,-1605.16
0.331096,-569.071
0.333263,1268.33
0.334169,-134.091
0.334207,-735.127
0.335834,-273.344
0.336316,-671.596
0.337289,228.909
0.338635,-476.805
0.338864,-535.836
0.338942,232.258
0.339085,-2698.71
0.340678,-184.382
0.341376,708.714
0.341483,-816.456
0.343114,-2141.67
0.343736,-293.986
0.343833,-1275.52
0.343971,0.71572
0.344561,-1556.75
0.345334,382.319
0.346037,647.918
0.346337,775.805
0.34745,870.078
0.347732,-21.4468
0.348971,1604.9
0.349175,-1921.38
0.349536,-943.47
0.351268,24.4422
0.351303,-1069.96
0.351716,-1222.44
0.351977,-901.601
0.352933,-493.667
0.353033,-710.199
0.354862,27.9449
0.356193,-89.0732
0.35711,1652.96
0.357192,-474.949
0.357208,-1669.92
0.357776,-1006.51
0.358255,-150.375
0.362089,13.1311
0.362321,-1672.26
0.362567,-1046.64
0.363728,55.4004
0.364624,2549.71
0.366584,11.9585
0.366767,-1427.15
0.367986,1768.12
0.368809,-61.3941
0.369432,2016.79
0.369564,-1154.77
0.370865,-675.018
0.373096,-1595.42
0.373351,822.713
0.373747,127.53
0.374516,-111.865
0.374793,-876.861
0.375254,722.165
0.376719,67.2041
0.377544,647.753
0.377649,-12.899
0.378841,238.621
0.37949,-1557.3
0.38015,-568.971
0.382153,1778.7
0.382591,361.658
0.386206,783.801
0.3863,2282.73
0.386799,2022.37
0.387274,-2117.72
0.387506,-2817.92
0.388001,-1918.76
0.388961,-1949.29
0.39094,985.642
0.391159,-2240.84
0.391794,-142.096
0.391992,2131.05
0.393788,-1250.43
0.395647,-956.604
0.397274,-935.922
0.3976,-680.667
0.397649,34.761
0.398294,-448.224
0.400126,401.863
0.400624,-2598.87
0.40445,-977.672
0.406564,-190.602
0.407151,-1432.87
0.407836,-1054.24
0.408463,-1813.95
0.408538,-1960.14
0.409205,416.564
0.40928,-602.42
0.409595,-1965.43
0.411388,-298.237
0.41145,-483.382
0.412387,-1892.09
0.412449,-1359.86
0.413066,1006.39
0.413608,-1679.04
0.414047,308.138
0.414102,-408.976
0.416835,-875.966
0.417428,-1135.92
0.417666,-609.923
0.418443,-1263.02
0.418712,1801.85
0.419308,601.73
0.419559,74.7716
0.419878,-353.923
0.420624,-557.34
0.420669,-2479.63
0.421943,-817.542
0.422728,1222.95
0.423117,801.774
0.425238,-7.69673
0.425291,-331.817
0.426324,-1051.02
0.42635,326.352
0.427406,65.3865
0.427466,-425.663
0.427576,560.45
0.427784,-753.501
0.428039,-2225.17
0.428757,-126.161
0.428961,-690.741
0.429492,-1395.53
0.429521,889.159
0.43033,-2275.27
0.431063,-1484.7
0.433723,-2399.02
0.434282,-1140.56
0.434682,-496.095
0.435008,2288.05
0.436067,713.933
0.439163,-854.793
0.439938,-553.596
0.443202,-501.905
0.443781,2516.08
0.444011,43.762
0.447502,276.968
0.447651,-9.65388
0.44892,-226.855
0.449807,-156.382
0.450138,-339.762
0.450188,713.47
0.450645,539.713
0.451383,-921.535
0.452122,1098.8
0.452342,-2241.01
0.452644,-344.252
0.45302,-362.306
0.453323,-255.487
0.45618,-961.591
0.45702,-1646.49
0.457176,-684.64
0.457209,49.6835
0.458261,-390.55
0.458749,-875.205
0.460344,-43.325
0.460468,11.3378
0.461115,-1561.27
0.462323,-1010.52
0.462786,-184.416
0.463205,-713.321
0.463317,-18.3399
0.46335,-1007.79
0.463893,575.583
0.464054,-328.903
0.464289,-744.161
0.464638,-22.3877
0.464725,-475.16
0.465712,-54.3792
0.467116,-371.806
0.467904,-1812.85
0.468036,-823.877
0.468658,-439.837
0.469131,-1970.56
0.469566,-776.748
0.469802,281.068
0.470237,-1008.68
0.470851,-437.376
0.471324,-440.611
0.471872,152.458
0.472257,-619.369
0.472553,-87.2544
0.473094,-1129.07
0.473094,685.859
0.474516,-135.633
0.475061,-245.343
0.475384,-652.34
0.475458,1082.86
0.476006,-1409.83
0.476098,816.03
0.476126,-217.065
0.476308,50.6963
0.476725,-661.493
0.476989,1747.41
0.477174,-65.8311
0.477379,-648.839
0.478276,105.076
0.479701,172.579
0.47977,478.869
0.481881,217.091
0.482468,-343.846
0.48468,-465.772
0.48505,2545.73
0.485288,2134.8
0.487763,50.804
0.487782,-43.1678
0.487824,-13.3504
0.487937,-1300.08
0.488615,-1093.7
0.488799,1567.95
0.488804,2081.44
0.489196,621.389
0.490856,-101.249
0.490869,-256.471
0.490905,-849.963
0.492604,-26.5806
0.492727,230.061
0.493835,-625.409
0.494408,-617.437
0.495263,377.376
0.495394,-1383.95
0.495452,-1109.1
0.495777,-129.405
0.496951,-91.297
0.49724,164.547
0.498,-957.999
0.49821,-62.2868
0.499245,180.882
0.499643,-216.224
0.500163,-2926.14
0.501453,441.263
0.502181,-1140.97
0.50255,-2245
0.502758,-874.964
0.50322,972.006
0.503402,221.24
0.503648,-539.519
0.503975,41.2375
0.504435,-1663.42
0.505569,352.9
0.506685,-1698.62
0.50748,-354.21
0.507618,-731.264
0.509259,-1030.79
0.509809,219.135
0.510998,363.607
0.511885,-198.133
0.512923,-443.226
0.513092,-356.599
0.513171,-1062.67
0.513283,1112.6
0.513994,770.124
0.515496,76.7599
0.517867,816.012
0.518261,1404.57
0.520255,781.556
0.520434,-51.349
0.520765,-164.671
0.520947,-368.291
0.521415,-2338.02
0.52156,-2185.96
0.522023,-1625.02
0.523124,483.94
0.523432,-592.139
0.523957,484.196
0.524165,158
0.52462,-2752.15
0.525535,-93.2902
0.529091,-851.657
0.529245,-1037.33
0.529876,-442.673
0.53114,1285.24
0.531273,414.937
0.531903,340.149
0.533219,618.378
0.533592,3787.09
0.533726,469.386
0.533728,496.174
0.533769,-1204.51
0.535962,2320.04
0.536019,496.945
0.536522,-1121.92
0.536637,-298.438
0.537965,-1290.66
0.538756,-1380.4
0.540205,-147.476
0.540206,33.761
0.540457,1174.11
0.543078,955.262
0.543423,-679.459
0.544427,-102.318
0.545254,-692.235
0.545341,-1642.62
0.545358,-415.904
0.545399,499.698
0.545882,-595.062
0.546686,932.384
0.547893,-1748.96
0.547894,679.643
0.548978,690.33
0.549107,-230.16
0.551697,1623.2
0.552154,91.2521
0.553636,-702.547
0.554859,-720.8
0.555034,563.481
0.556105,1155.62
0.55704,-1071.99
0.559018,-962.204
0.55962,-3.38217
0.559689,-452.472
0.559838,235.6
0.560055,1860.27
0.560557,-82.7633
0.560683,-291.141
0.561036,260.718
0.564606,69.1653
0.566932,273.088
0.567446,-310.414
0.568337,-592.711
0.568488,-762.578
0.568958,-1193.9
0.569143,-1123.9
0.57063,-1076.8
0.57073,-630.427
0.572857,774.041
0.572973,-420.087
0.573114,-1718.95
0.573328,-219.232
0.574299,-382.477
0.575052,222.857
0.576062,-1687.89
0.577197,256.636
0.580446,502.405
0.581052,-80.2277
0.58106,-992.171
0.581756,-3137.87
0.582072,1566.94
0.582101,-631.304
0.58324,-869.668
0.584169,260.312
0.58489,-2904.21
0.58493,-1035.64
0.585399,1112.98
0.58594,139.624
0.587859,-1038.62
0.587911,-1794.28
0.588555,706.893
0.589686,-1181.22
0.590486,-1249.54
0.590859,-2044.83
0.590923,14.0675
0.594176,-1257.51
0.594783,-870.012
0.595187,415.74
0.595275,-759.442
0.595742,-44.1644
0.596667,81.7652
0.59691,-953.466
0.597609,-1948.94
0.597627,-241.877
0.598441,-2534.23
0.599432,545.446
0.60238,-1361.59
0.602467,175.95
0.60264,-84.573
0.602987,1158.02
0.603557,-1162.32
0.604006,431.571
0.604619,-581.656
0.606421,214.302
0.607266,-152.319
0.607579,-597.24
0.607879,759.668
0.608046,-1152.24
0.608755,-986.186
0.608977,-673.17
0.611403,-2097.35
0.611602,-1853.83
0.612094,-3825.31
0.612536,79.6148
0.613819,-27.702
0.613993,-506.84
0.614053,-157.836
0.614216,773.712
0.614822,-1330.4
0.614843,76.5554
0.615803,-572.361
0.616165,454.357
0.61657,-68.6808
0.618372,-2161.08
0.619209,-463.342
0.619393,1780.8
0.619493,-2188.81
0.620002,322.835
0.620648,-1508.4
0.620962,2135.46
0.621523,-140.059
0.62168,-760.811
0.625221,632.045
0.625867,-463.442
0.626526,162.549
0.627908,868.047
0.627975,-2564.48
0.629062,-1117.69
0.631677,-1141.53
0.633701,1727.52
0.634381,1810.52
0.635322,-1714.57
0.635753,587.038
0.636545,-997.014
0.637341,40.5825
0.639629,-1530.75
0.639655,167.697
0.639835,-1074.08
0.639963,-1336.5
0.640655,315.2
0.640799,-370.46
0.641167,503.237
0.64247,-957.208
0.642528,136.372
0.642868,-1633.11
0.643531,-2790.21
0.645956,-585.089
0.647168,-533.989
0.647232,-514.667
0.648676,-5718.95
0.650123,613.9
0.650475,-336.202
0.651574,1838.89
0.651761,415.33
0.653614,-508.203
0.653952,355.969
0.654919,-37.6964
0.657374,-2674.85
0.657518,-113.277
0.657762,-642.242
0.659311,-492.976
0.661535,-954.838
0.662414,962.389
0.662535,47.7903
0.664172,-291.125
0.664208,-47.4626
0.664269,200.432
0.664535,993.088
0.665462,-1332.25
0.666086,-610.109
0.669235,-1095.6
0.669523,121.239
0.670029,-1353.75
0.670599,-1254.19
0.671147,233.116
0.673807,-648.756
0.67407,-567.648
0.674876,-836.297
0.675236,1619.56
0.675614,-573.298
0.675786,-1341.45
0.678105,-411.809
0.678429,943.021
0.679711,-1950.17
0.68346,-2997.01
0.684252,-1205.01
0.686209,50.8286
0.686336,-1045.59
0.686361,-469.319
0.686675,-404.403
0.687526,-444.653
0.6882,-991.55
0.688269,-776.281
0.688507,-1480.21
0.690248,262.428
0.691881,1634.89
0.693188,-1513.51
0.696555,-724.371
0.697367,-1680.4
0.697713,-491.647
0.69837,-1263.61
0.699489,491.69
0.701579,1042.23
0.701647,-199.929
0.701728,798.976
0.702046,18.7526
0.70227,1978.59
0.702365,-897.445
0.70258,189.233
0.702753,-1792.31
0.703316,-849.122
0.703416,-99.6238
0.703692,-1551.1
0.704241,-1711.81
0.704416,2665.47
0.706953,-622.965
0.707942,-294.571
0.708083,-58.4438
0.709641,-361.004
0.710194,-178.086
0.711467,-2102.34
0.712061,1446.96
0.713164,-1539.32
0.713199,-23.8276
0.719622,2610.37
0.720998,-394.481
0.721612,-788.002
0.722213,-772.503
0.722448,-1638.22
0.722508,-1377.15
0.72382,-368.139
0.726388,-1776.16
0.72711,146.601
0.727248,-1675.2
0.727297,91.5106
0.72792,-14.2351
0.728823,-5.19927
0.728911,-832.761
0.730032,-572.106
0.730472,-2858.97
0.731978,-2272
0.733063,-598.249
0.733347,-359.891
0.735277,402.122
0.735765,285.774
0.735826,381.442
0.738298,-1541.8
0.73918,304.965
0.739981,-924.834
0.740805,-195.185
0.742031,-505.133
0.742095,-1508.82
0.743435,690.872
0.743499,-345.86
0.744773,-2405.78
0.745439,-92.3347
0.745498,-2558
0.747329,-404.176
0.748419,243.838
0.749449,-587.173
0.752864,-1184.33
0.755386,-469.184
0.756078,-650.478
0.759564,-2189.7
0.759859,-2010.28
0.759894,-1047.28
0.76156,-1459.99
0.761635,-3826.51
0.763482,-749.365
0.767445,-1358.69
0.769086,-129.281
0.770342,484.676
0.770679,823.068
0.770834,-1843.82
0.77313,-737.174
0.773353,-430.44
0.773446,-497.811
0.773691,230.62
0.773756,182.669
0.774209,118.144
0.774254,727.392
0.775699,-2049.78
0.776175,135.777
0.776341,-916.807
0.77701,822.746
0.777866,-1498.75
0.778886,-370.78
0.77964,2215.28
0.780196,1777.1
0.780749,2340.66
0.781214,1949.01
0.784141,569.308
0.784142,-497.366
0.785919,-870.701
0.787331,-1118.98
0.788026,930.508
0.789513,-4681.88
0.789887,-136.319
0.792412,-4821.28
0.793777,-25.4953
0.796467,1276.59
0.797662,-1293.79
0.799388,-2184.56
0.800528,-1045.09
0.800533,-668.436
0.800551,-715.491
0.800805,-1517.26
0.801293,-845.064
0.80234,-1232.26
0.805053,-1773.05
0.8052,244.864
0.805748,-620.202
0.808639,-1830.84
0.809892,-517.423
0.809993,-623.795
0.810318,451.283
0.810399,-550.744
0.81103,866.439
0.81352,167.503
0.816839,-431.116
0.817074,-579.353
0.817849,595.705
0.817955,-757.21
0.819316,-21.4079
0.820139,795.17
0.820612,-529.895
0.82138,-392.298
0.821915,249.392
0.822056,578.248
0.823982,-1867.82
0.824748,-944.878
0.8252,-1299.08
0.826264,-34.7033
0.827103,-103.835
0.828218,-221.051
0.829535,1594.8
0.829844,-523.221
0.830059,165.704
0.830376,-1701.21
0.833931,-22.8888
0.834,-1615.6
0.834845,-777.794
0.835461,-379.892
0.836755,-92.7318
0.836929,-2959.42
0.836941,-3715.1
0.839123,774.699
0.844369,-1517.64
0.845291,25.7049
0.845512,-961.054
0.845579,-134.651
0.847322,-1202.84
0.850585,2290.16
0.850777,746.422
0.851006,-441.905
0.852346,-351.68
0.85245,-2477.86
0.852556,-247.094
0.853447,297.009
0.85473,-579.181
0.854963,-317.098
0.855074,-351.166
0.856037,-1844.94
0.856316,-993.866
0.856459,-782.776
0.856518,-638.784
0.85711,-790.261
0.857276,209.779
0.857292,131.46
0.859959,708.438
0.860832,522.145
0.860862,262.209
0.862562,-468.935
0.862877,-939.471
0.864232,258.084
0.864926,847.033
0.865055,-883.003
0.870428,1963.15
0.870568,56.0838
0.87368,-348.834
0.873809,-1612.55
0.878271,-482.042
0.879711,141.95
0.879724,-1433.53
0.880052,-1251.6
0.882681,-2581.58
0.8836,-737.658
0.885944,-1779.94
0.887116,-476.741
0.888308,-115.58
0.888555,-1153.93
0.888818,-2136.43
0.893284,-943.721
0.893319,506.978
0.893536,-1199.43
0.894125,-408.328
0.894691,241.812
0.895342,-935.86
0.896516,729.199
0.896758,-3283.5
0.897002,-1992.13
0.898007,-233.916
0.898321,-28.7048
0.898423,-537.607
0.898522,-929.137
0.8987,-699.042
0.90027,-354.319
0.902017,-449.755
0.903766,375.03
0.905868,1041.42
0.906137,-1893.64
0.907706,-1028.05
0.908634,222.315
0.910984,213.484
0.911004,773.352
0.911658,-603.115
0.911999,538.249
0.918778,-1529.28
0.919308,519.093
0.919787,-3168.62
0.921728,-1524.77
0.922611,-1075.65
0.926054,-468.777
0.92707,-114.286
0.928449,856.83
0.929178,-326.787
0.929814,-578.827
0.929931,-185.678
0.93133,-2460.73
0.933315,987.55
0.933573,-908.639
0.934025,434.488
0.93407,-940.757
0.934263,-562.323
0.934952,-176.035
0.935488,113.753
0.937796,-804.447
0.941501,-29.2164
0.94239,-1905.38
0.942796,-1012.67
0.944564,-176.611
0.944864,458.078
0.944947,-952.807
0.945871,-161.973
0.948842,519.746
0.949035,-68.3647
0.950036,-40.2306
0.95131,353.551
0.952271,2067.43
0.952591,-452.519
0.955186,-95.6374
0.955954,909.416
0.957197,-73.3474
0.957825,140.105
0.959363,-1299.09
0.961853,760.6
0.962049,-523.397
0.963268,-578.741
0.963501,-430.658
0.964362,-342.79
0.964485,-1549.56
0.967202,523.786
0.971196,1582.64
0.97135,-773.466
0.971554,-1142.09
0.971818,-547.132
0.973489,-341.654
0.973979,1076.82
0.976564,-205.964
0.976681,-1353.51
0.977243,-660.093
0.979436,-892.228
0.981876,-397.766
0.982981,-1375.2
0.984042,-543.079
0.985339,-473.998
0.98616,-492.961
0.986971,-519.862
0.987299,-1866.64
0.98756,-1609.09
0.988756,-1211.51
0.989228,394.741
0.990418,-1128.4
0.990961,-428.416
0.991126,-311.65
0.995388,-1057.59
0.997679,512.846
1.00401,-595.619
1.00406,-63.8161
1.00438,-971.649
1.00453,-6.39468
1.00569,-1499.8
1.00615,34.4119
1.00624,1782.01
1.00704,1271.36
1.00762,-1050.66
1.00878,-348.851
1.01002,-921.215
1.01121,-1731.43
1.01194,289.012
1.01341,866.734
1.01807,-159.614
1.01831,-1950.77
1.01841,-300.66
1.02032,-1665.41
1.02296,580.936
1.02309,47.4436
1.02458,-496.896
1.02497,1258.09
1.02732,-2079.89
1.0308,-818.674
1.03131,572.098
1.03202,691.527
1.03318,186.039
1.03592,3592.91
1.03638,-1216.4
1.03641,233.344
1.03994,-1051.42
1.0427,-663.256
1.04443,-1049.83
1.04448,-1092.29
1.04538,177.066
1.04549,-20.9905
1.0458,-56.8804
1.04631,-848.486
1.04801,-1632.23
1.04964,87.4715
1.05022,-448.054
1.05069,-1192.27
1.05195,-574.819
1.05316,644.12
1.05409,-2682.81
1.05643,-649.76
1.05783,483.883
1.05911,-2731.48
1.0597,-224.286
1.06128,-190.174
1.06148,-1746.93
1.06187,2885.7
1.06386,-1187.94
1.06421,347.386
1.07078,-542.781
1.07084,-27.8141
1.07266,-271.706
1.07383,115.019
1.07568,-1908.08
1.08226,-724.675
1.08248,110.326
1.08373,-2084.55
1.08471,-1285.02
1.08766,-933.41
1.08827,-1482.28
1.09008,-1465.17
1.09033,-180.844
1.09107,972.956
1.09141,-620.179
1.09157,-120.781
1.09241,223.997
1.09255,-1144.53
1.09264,208.505
1.09461,-763.424
1.09876,-1096.07
1.09896,-319.971
1.09971,-697.326
1.09977,-884.627
1.10064,-1359
1.10205,1098.29
1.10237,-52.9159
1.10244,-1143.73
1.10552,-549.447
1.10856,-724.548
1.10972,-1486.23
1.11039,-974.284
1.1142,502.808
1.11719,802.091
1.11789,1107.42
1.12009,-1436.8
1.1246,-1720.58
1.12613,-1338.58
1.12782,348.668
1.12921,-1280.23
1.13029,1105.12
1.13205,-438.622
1.13207,143.689
1.13643,-1020.85
1.13656,-1083.78
1.13835,-283.778
1.14017,-1222.4
1.14112,1695.85
1.1445,-2611.35
1.14565,-661.54
1.1469,1019.44
1.14949,-97.845
1.14977,-1176.42
1.1512,-1327.87
1.15174,-232.393
1.15243,-793.149
1.15283,-2352.25
1.15331,1719.13
1.16447,-1446.17
1.16772,-279.895
1.16845,565.803
1.17043,-876.541
1.17499,222.853
1.17574,-504.809
1.17811,-301.224
1.17888,-153.609
1.17934,-659.025
1.18124,986.065
1.18325,210.288
1.18418,-711.584
1.18436,-947.888
1.18837,-850.151
1.18881,-551.086
1.18927,2578.77
1.19052,-1234.66
1.1914,-2330.77
1.19224,-1012.54
1.19478,-49.1643
1.19512,30.6331
1.19942,-3320.02
1.20495,3056.89
1.21039,911.852
1.21218,34.0423
1.21321,899.111
1.21323,-709.896
1.21442,-713.629
1.21515,-786.417
1.21946,-283.915
1.22052,-2286.73
1.2214,-109.38
1.22221,-782.424
1.22381,-2381.16
1.22565,3131.93
1.22567,-1077.69
1.23042,-970.361
1.23048,-1652.06
1.23221,-2556.81
1.23226,-1232.89
1.23821,24.4448
1.23943,-1042.85
1.24088,313.802
1.24122,-363.61
1.24139,146.15
1.24556,-598.635
1.24593,-744.123
1.25015,-1670.14
1.25049,-426.598
1.25209,-532.299
1.253,31.2634
1.25348,357.76
1.25407,1294.56
1.25645,-1303.49
1.25752,248.743
1.25936,1287.66
1.26618,-119.34
1.2668,-1200.4
1.26714,543.454
1.26992,249.336
1.27009,-1099.16
1.27023,1454.36
1.27134,807.486
1.27268,-2450.57
1.28087,-516.808
1.28099,-2019.75
1.28099,-527.093
1.28149,1798.14
1.28395,-1160.48
1.28489,537.789
1.2849,-645.616
1.28506,-667.043
1.28543,279.076
1.28725,-951.345
1.2881,-1045.68
1.29354,246.451
1.29805,-673.907
1.29844,577.325
1.29931,-2.96247
1.30341,-2299.59
1.30562,92.0474
1.30707,-1513.14
1.30714,-1212.17
1.31125,-417.875
1.31284,-851.555
1.31354,-1282.25
1.3161,-3670.76
1.3179,410.62
1.32411,-393.242
1.33104,-664.355
1.33116,430.386
1.33403,-1326.43
1.33445,-2130.62
1.33467,-2005.92
1.33494,-2141.88
1.33578,-728.941
1.3359,-158.504
1.3362,120.783
1.33748,87.0419
1.34,768.255
1.34391,-962.479
1.349,637.563
1.35013,617.496
1.35068,-173.073
1.35385,-512.544
1.35942,148.779
1.35963,-943.041
1.36187,-66.827
1.36258,-121.604
1.3636,-1589.89
1.36377,-61.0021
1.36499,-367.799
1.36969,714.419
1.36979,680.824
1.37112,2045.05
1.37364,526.163
1.37749,1218.96
1.37855,264.601
1.37952,-705.39
1.38412,-1814.66
1.38561,-405.938
1.3857,-1445.31
1.38577,-753.049
1.38648,-434.498
1.39743,-492.189
1.39816,707.805
1.40019,-4171.23
1.40198,-2482.4
1.4022,-3062.83
1.40365,-590.544
1.40412,-1553.18
1.40735,-893.664
1.4128,-2995.55
1.41588,-920.024
1.41636,-2111.06
1.4198,-30.7874
1.42124,-250.966
1.42607,-1526.89
1.42672,-1965.95
1.42911,167.723
1.43482,-9.85369
1.43754,-242.296
1.43885,449.731
1.44223,-1355.98
1.44227,635.854
1.44237,-1798.91
1.44556,934.295
1.44666,-4214.6
1.45194,470.638
1.45754,-323.938
1.45821,-1909.73
1.45824,-1415.19
1.45832,-2328.01
1.45836,-346.07
1.46165,1905.05
1.46263,-1542.57
1.46676,249.611
1.46746,-1191.09
1.46864,2059.19
1.46992,-2117.51
1.47529,-1615.12
1.47547,1320.49
1.47638,-1451.93
1.47989,-1338.88
1.48176,-1551.16
1.48689,-985.733
1.4931,-94.1038
1.49406,-31.3367
1.49814,2992.76
1.49894,-749.251
1.50863,43.4176
1.5115,-612.182
1.51473,-895.375
1.51749,-1862.53
1.51826,-1718.95
1.51982,-608.317
1.52186,-791.908
1.52218,-459.955
1.52363,1.10978
1.52776,-576.496
1.52793,-2018.89
1.53222,-1321.05
1.53269,-1726.49
1.5328,534.496
1.53625,-203.457
1.53722,990.759
1.54038,-3051.42
1.54511,-1074.29
1.54608,-956.936
1.54706,-1258.59
1.55137,-335.155
1.55869,735.229
1.56465,-33.4224
1.56581,-177.728
1.56936,973.542
1.57136,-2558.05
1.57429,-835
1.57488,820.14
1.57699,1201.62
1.58229,-351.623
1.58491,-798.38
1.58915,-1508.92
1.59221,273.517
1.59719,351.196
1.59935,-415.201
1.59959,204.237
1.60389,-2148.36
1.6068,-1586.55
1.60734,75.9199
1.60757,901.228
1.60848,-626.919
1.60881,-2108.3
1.60924,337.524
1.61432,-1417.16
1.61479,2025.84
1.61675,935.17
1.61937,343.503
1.61995,645.159
1.63141,-783.216
1.63402,-1174.14
1.63577,-3063.6
1.64279,1385.14
1.64696,534.936
1.65061,-94.5334
1.65132,-1858.12
1.65262,90.0678
1.65778,-1273.84
1.65795,-1611.6
1.65918,-810.791
1.65975,-563.438
1.6618,677.503
1.66316,-552.864
1.66566,-1249.94
1.67126,795.865
1.6717,-6.95215
1.67823,-504.896
1.68437,891.432
1.69426,-61.5026
1.69711,1101.76
1.6981,-341.505
1.69812,-201.453
1.69937,-2475.05
1.702,-578.893
1.70288,-610.845
1.70933,192.025
1.71205,-651.328
1.71931,2114.18
1.72332,-659.201
1.72343,-697.205
1.72468,1074.82
1.72922,963.715
1.73142,-128.05
1.73289,-251.093
1.7354,64.7057
1.74061,-82.2671
1.74707,86.2886
1.75342,-582.858
1.75556,-527.76
1.75567,813.961
1.75724,280.322
1.76781,-404.514
1.76861,-971.952
1.77702,555.853
1.78079,-245.143
1.78401,769.04
1.79073,-1207.47
1.79419,1080.08
1.79674,-1414.73
1.80532,151.461
1.80813,-454.287
1.81313,-97.7138
1.81804,672.067
1.82384,-1168.31
1.82861,-721.046
1.82955,-451.952
1.83335,-2939.41
1.83947,-1251.72
1.84401,-552.756
1.84484,146.735
1.85182,-279.283
1.85678,-2131.96
1.85817,-95.1134
1.86535,-975.079
1.86649,-271.16
1.8693,-114.89
1.87616,-1829.58
1.8851,675.179
1.88882,872.462
1.89369,954.499
1.91515,1479.98
1.9153,161.628
1.92358,-2621.14
1.92782,-35.8065
1.92996,86.1683
1.94394,1688.29
1.95368,-615.138
1.95593,242.846
1.9601,-236.801
1.96643,-3207.04
1.96728,215.264
1.96926,-1525.28
1.97126,112.157
1.97477,-1927.91
1.97706,-2559.72
1.98237,302.934
1.98956,-667.278
1.9911,161.748
1.99738,-150.138
2.00739,44.0979
2.00868,-458.171
2.01509,290.94
2.01603,331.209
2.01946,-253.823
2.03278,408.393
2.03802,1038.05
2.03966,-1647.8
2.04634,122.555
2.06911,-523.545
2.08045,162.314
2.08784,-100.183
2.10288,712.14
2.10752,-707.517
2.10781,-1064.93
2.12953,-545.789
2.1323,-543.828
2.13329,88.3817
2.14193,-803.108
2.14707,-398.843
2.1484,-1331.33
2.14887,-768.552
2.15486,-237.468
2.1564,9.98495
2.17297,-2418.47
2.17374,-732.397
2.17392,360.273
2.17592,-2657.32
2.17921,-689.257
2.18005,-3011.48
2.18045,-1627.02
2.18049,-1567.95
2.18066,-4.68048
2.18168,-1367.31
2.18647,741.952
2.18853,-717.958
2.19095,-1398.31
2.20914,-152.897
2.21277,-1168.77
2.23558,-330.362
2.24634,-207.388
2.2539,-4.49181
2.26066,2989.63
2.27228,703.719
2.28949,834.689
2.29197,-232.813
2.29436,1343.36
2.29563,-2722.28
2.31618,-249.598
2.31651,736.311
2.31849,-2253.62
2.31904,-1763.53
2.33065,-49.0122
2.33185,-478.608
2.3377,-2417.98
2.34277,-15.5971
2.35354,307.137
2.35676,-348.265
2.37045,659.285
2.37445,-514.756
2.37954,-243.717
2.38152,38.9194
2.3824,-1682.84
2.38741,-825.638
2.38817,-759.336
2.39193,484.892
2.39571,-990.615
2.39785,-979.196
2.40428,-245.835
2.40555,319.042
2.41077,-1366.38
2.42525,-64.2758
2.42551,-69.75
2.43118,523.082
2.43602,325.899
2.48307,383.013
2.49922,-1793.39
2.50442,455.993
2.50539,-1360.13
2.54892,-1998.8
2.5603,65.013
2.58447,-417.94
2.58678,-498.969
2.60404,-104.01
2.62628,118.165
2.64217,249.193
2.65772,809.472
2.66732,-66.5027
2.67303,-1022.45
2.68389,1135.32
2.69848,-1528.14
2.71429,-317.996
2.71887,-1079.82
2.73549,417.963
2.74418,113.172
2.749,-824.182
2.78037,-421.087
2.78359,935.826
2.78663,-1196.55
2.80381,-765.609
2.80581,-704.096
2.81412,-777.351
2.81959,-2134.61
2.82568,822.949
2.83503,-774.765
2.83802,38.9545
2.85287,178.207
2.85288,437.362
2.86765,-2580.05
2.88106,1547.58
2.88176,-1236.74
2.88589,-264.3
2.90269,-35.1317
2.91962,-4070.28
2.95056,-4572.37
2.99621,535.324
3.02786,-1213.6
3.04494,-600.294
3.14841,-878.881
3.17633,342.247
3.18102,-479.821
3.24366,-478.248
3.2529,1818.08
3.26613,685.849
3.26997,-592.067
3.29959,850.435
3.31202,-236.693
3.35298,-1656.77
3.35382,114.292
3.35423,-941.919
3.36469,1234.04
3.40431,-560.963
3.42797,-487.058
3.44608,-228.363
3.48967,1763.95
3.53848,-1290.89
3.55995,1934.58
3.57606,-1973.15
3.6916,-37.9754
3.79513,93.9976
3.80962,2990.69
3.88785,-1636.21
3.91451,-370.765
4.01093,-1166.1
4.05404,764.178
4.32996,-1356.7
4.36638,356.46
4.4196,651.881
4.56688,-624.264
4.74705,-601.505
4.78887,-343.108
4.83822,-1414.67
5.02291,-2624.4
5.76995,169.922
7.0412,-316.163
