Pressure
0.346799
0.379653
3.30825
1.18834
1.00448
0.123266
0.761097
2.27257
0.637328
0.0570776
0.555114
6.63958
0.694536
1.50449
2.39296
0.452484
1.04247
0.897686
0.194918
0.37374
1.53379
0.683671
0.712434
0.8152
0.713497
0.858909
0.930358
2.14327
1.02349
2.03937
1.14387
1.63033
1.1998
4.21259
1.40939
1.34435
0.397334
3.85936
0.889725
1.70062
0.620914
0.0615305
1.18288
1.32139
0.497955
0.323298
0.448334
0.937988
0.406007
0.00983088
0.56981
1.50067
0.548068
0.560389
1.0306
0.807999
0.112623
0.593363
1.12403
0.389183
0.937864
0.536047
1.24332
2.0969
1.88803
1.18684
0.303322
7.10523
1.66426
1.4117
0.992824
0.288068
1.04892
0.840517
0.991479
1.18267
1.08175
1.12648
0.774846
0.647406
0.849436
1.26682
1.1603
0.336556
0.281262
0.134824
0.359058
0.762855
1.18587
1.80452
0.594563
1.78846
0.850122
0.931785
1.01919
1.84421
2.32621
0.381326
0.846982
0.327138
0.507334
0.806889
0.257423
0.300188
0.329315
2.07129
0.960793
1.0096
0.689761
0.98288
0.913127
0.65868
0.17412
2.42106
0.277127
1.09396
0.97182
0.396783
0.484384
1.37262
0.861424
2.00004
0.421495
2.2846
1.78745
0.471656
1.97139
0.204834
1.44594
1.79028
0.342323
0.357488
0.381637
0.201499
1.1632
0.924556
2.18752
0.16484
9.72546
1.26532
2.50438
1.08266
1.26318
0.382817
0.9023
3.40931
0.591704
1.90995
0.50128
1.26789
0.776698
1.84436
0.679883
1.04943
0.595426
1.2335
0.187534
0.644872
0.59998
0.526165
0.277737
0.698722
2.40178
0.18708
0.838163
1.0061
0.120132
2.15111
0.575286
0.425519
0.18873
0.513232
0.236211
0.431256
0.353381
0.195314
2.11907
1.02852
0.265023
1.44084
0.416618
4.01497
0.105694
0.692805
0.631156
0.477179
2.32088
1.51178
0.0344307
1.38452
2.04766
0.555714
0.432196
0.446504
3.35497
1.03641
0.28786
1.71564
0.940452
2.17834
0.733538
0.55063
0.479525
0.896107
1.62665
1.31631
0.338899
0.791126
0.208202
0.678057
1.10645
0.558874
3.0817
0.568887
3.26
0.445313
1.2194
0.066068
1.23854
0.497578
0.831734
1.39893
0.770213
1.45855
0.156585
1.15371
3.8287
0.813453
0.238418
3.09647
1.47677
0.717571
0.328498
2.12313
0.788328
0.890675
1.55108
1.05577
1.19718
1.95858
0.159235
0.404985
4.23246
0.829523
1.61069
1.03298
0
1.35314
1.45586
0.557
1.23278
1.761
3.2181
0.856165
0.614754
1.79115
1.48937
0.523198
1.13317
1.43528
0.204631
0.591789
0.710773
0.3457
1.04329
0.185162
0.353443
0.531184
0.766847
1.26103
0.393666
0.261711
0.291265
0.727589
0.061346
0.418203
2.74902
0.609317
4.44073
1.32785
0.470511
0.645692
0.670638
1.09654
0.793273
0.532585
1.88565
2.40161
0.250164
1.57024
0.388116
0.573449
2.31439
0.476677
1.03838
0.423001
0.488834
0.365354
2.24876
5.37626
1.47901
0.333016
0.912738
0.644801
0.474924
0.266171
2.03566
0.996744
2.39728
1.03012
3.048
1.96961
1.93467
3.13816
0.207622
0.710321
0.698127
0.789766
1.33287
0.737118
0.376895
0.147449
0.293303
0.61964
1.84014
0.382769
0.780775
2.72405
1.12109
1.80479
0.359897
0.885836
0.712754
0.381604
1.01013
0.100602
0.954815
0.426094
1.63625
0.0310946
0.440234
1.72175
0.282713
0.798092
2.41572
1.51478
0.889706
0.211159
3.17371
1.02111
1.04512
2.03668
0.467243
1.27512
1.01731
0.845696
0.545607
3.37688
0.666334
2.03206
0.673715
0.316306
3.38191
0.482845
0.561207
1.29957
2.0382
2.74707
8.24484
0.861929
1.74897
0.649431
0.585341
4.47157
0.837435
1.26712
1.88603
0.0988238
0.652353
2.18788
0.49437
0.26754
0.253666
0.330468
2.71932
1.81794
0.798104
0.752021
2.90248
3.36039
0.948387
0.834145
1.95679
0.403077
0.670266
0.606178
0.437408
1.93122
0.703728
1.06275
0.0497033
0.926105
0.550738
0.238659
0.328252
1.76506
1.02161
1.1035
0.270391
1.97278
0.621257
0.615446
0.933192
1.22806
0.830115
0.585636
0.919935
1.10307
0.50807
1.73505
0.886693
0.861739
1.03848
1.87373
0.30061
1.38826
1.33059
0.688662
0.408571
0.173448
1.0078
1.10195
2.2323
1.42159
2.79976
1.83838
1.53109
1.02812
2.35251
0.833679
0.326026
0.738487
1.75517
0.246577
2.98696
0.487907
0.396943
1.03267
0.266906
0.41056
1.19546
2.15818
0.282975
0.629747
0.212482
0.446833
0.916624
1.43416
0.799014
0.145035
1.18822
1.07597
0.444688
0.959626
1.1195
0.596803
2.26094
1.84741
0.75202
1.03011
0.184106
0.0466229
0.258177
0.565919
2.57115
0.303651
3.10208
1.33144
1.70214
0.524554
1.03386
0.456651
0.769763
0.265559
0.632318
2.56182
1.20049
1.33632
1.90107
0.375655
1.29166
1.68418
0.310719
0.860725
1.1367
0.166296
1.15141
0.553436
0.63322
0.578039
0.207989
2.98961
1.44983
0.46361
3.34595
1.07607
0.924497
0.243413
0.328775
0.978143
1.49772
1.79568
0.71617
0.361513
1.38811
1.29606
0.891603
1.86083
1.75757
0.62217
0.242319
0.259421
0.559757
0.995101
1.18397
1.35261
0.248027
0.35926
3.55211
0.590027
1.06467
0.572924
0.892581
0.114067
3.42243
0.774933
0.113348
0.656856
0.553402
0.971327
0.62618
0.463394
0.464006
2.87738
0.307821
1.57936
2.82289
0.271424
0.749621
0.775517
1.41347
0.353445
2.55936
1.71379
1.93359
0.403711
0.71828
5.74413
0.645679
2.17403
0.314681
1.91286
0.713097
0.952356
0.376604
0.275547
2.56613
0.796982
1.96379
2.26001
1.45344
2.6932
0.861089
0.43582
0.272955
1.29702
0.631854
2.35141
0.447276
1.93071
0.399153
2.07923
0.382935
0.460449
0.610949
0.960468
2.77509
2.14259
0.500618
0.557762
0.484005
0.137576
1.07266
2.46573
0.84432
1.82758
2.77272
1.48576
0.447823
1.79355
0.203985
0.263735
1.05797
0.388019
