Pressure
1.35306
1.52636
1.20467
4.35292
2.05572
0.653964
0.395126
2.05397
0.535688
0.530632
1.89705
1.37781
0.633758
1.75175
0.391063
0.316929
0.601347
2.00618
0.179022
1.5383
0.262757
2.50603
3.34098
0.557834
0.856769
0.55689
1.46317
0.484445
1.1911
0.422287
1.64942
0.39886
0.417988
0.712997
0.282413
0.533036
0.490423
0.236503
0.0186678
0.497676
0.85049
1.14
0.495247
0.385163
5.81925
2.21856
1.76018
2.71159
1.89341
0.473467
0.775724
1.48372
1.45156
2.86087
0.365385
1.81769
0.87193
0.808559
1.27575
0.0485514
0.188599
0.428327
1.10305
3.30873
1.57045
0.613565
0.863475
0.616064
0.0818251
1.85847
1.33756
1.61312
2.8615
1.1585
2.64823
0.624665
0.818383
0.582869
4.84644
0.430569
3.39229
6.42021
0.409763
0.36194
1.6958
1.82037
0.842957
1.0936
0.636736
1.4188
3.44348
2.08979
1.71127
0.0291613
0.493968
0.796967
0.0480499
1.07953
1.24081
1.14975
1.26935
1.57253
0.207586
2.4916
3.60567
0.93925
2.58578
1.9084
0.828571
0.448795
0.188629
7.1681
0.671529
0.858068
0.594853
0.552883
0.0809323
1.4089
0.811736
0.53341
0.60535
1.21755
0.72535
1.28798
0.181855
0.158619
0.97382
0.077991
0.947763
1.94761
0.168543
0.926068
0.715424
1.71057
1.42712
0.939988
0.2914
1.07958
0.1205
0.766603
0.910284
0.516432
1.53117
1.98928
0.245507
0.421485
0.526084
0.33742
0.432947
0.74012
1.90814
0.836359
0.624495
1.7422
0.700715
2.22194
0.363927
0.424318
1.52332
0.264309
1.29678
0.527996
1.46694
0.474859
0.0738307
0.55961
0.151038
0.676179
0.942931
1.10337
0.34025
0.507051
0.733023
0.0379975
0.402279
3.45029
1.49256
3.63026
0.750996
0.491573
1.08566
0.234102
1.05165
0.558054
0.349515
0.753556
2.37876
0.400527
0.606658
1.50441
0.855685
0.523018
2.39659
0.634642
0.377535
0.96975
0.116958
0.965424
2.62511
0.680841
2.61189
2.32238
1.57284
0.794787
0.56299
0.757718
2.3837
2.37698
0.322552
1.45154
1.44061
0.0356611
2.31533
0.497918
1.16544
0.690442
0.6918
0.518679
0.686947
1.01686
0.419442
1.12817
2.71439
0.622222
0.457474
