Pressure
4.11287
1.12182
0.272831
1.07258
0.248632
0.260489
1.16191
0.518866
1.0992
0.181803
1.33254
1.93169
1.02561
2.23641
0.395187
3.7104
1.0198
1.52193
0.207793
0.92275
0.349672
0.528623
1.9501
0.136245
0.913583
1.21912
0.827632
0.824863
2.95524
1.81207
0.184173
1.66266
3.50872
0.867675
2.16324
0.667202
2.88598
1.28923
0.536137
3.07504
1.43525
2.29645
0.687854
0.90272
0.974743
0.851862
2.06754
2.98002
0.218946
3.17556
0.801528
0.591678
0.440601
1.51186
1.04162
0.921559
0.532244
0.875982
3.71808
1.15102
0.406884
0.847356
2.39637
1.71428
0.424735
1.77168
0.28646
5.05158
0.754156
1.90515
0.434958
3.53471
0.884325
0.646403
2.09289
1.88645
2.76187
0.486349
1.18939
0.642181
0.62887
0.926202
2.09635
0.485002
0.555484
0.110634
0.98062
1.24989
0.70994
0.301968
2.18632
1.38676
0.0660414
0.471362
1.60461
3.61231
3.36754
1.18581
0.209646
0.289326
0.14624
0.492309
0.861924
0.263604
0.982552
0.690636
4.45067
2.52138
1.0317
0.597966
0.581748
0.9652
0.830374
1.37977
3.93703
0.342061
0.763326
2.54137
0.825064
0.280376
0.691691
3.65627
2.10434
0.0611918
1.49497
1.31653
0.559674
1.20231
3.22816
0.909705
0.563177
1.129
2.62538
0.330014
0.67598
1.38196
0.820527
1.56206
1.86959
2.35636
0.414917
0.66354
0.988881
1.1212
0.468474
0.498934
0.581798
0.44997
1.45421
0.232292
0.640806
0.56482
0.929577
0.344235
1.18122
1.02109
0.663362
0.587901
2.11774
0.497453
1.57101
4.18893
0.65464
0.42498
0.386861
5.24327
0.777861
0.436237
0.863321
1.20054
0.416715
0.84233
0.423487
2.15407
1.02011
0.239673
0.598166
1.5011
1.0144
1.12849
2.57499
2.26945
1.07555
0.427592
0.301107
0.0876561
0.82531
0.819038
1.37224
0.728541
2.87625
2.04513
