Pressure, Change in distance between ball and goal
0,-2163.96
0,-380.772
0,-3276.3
0,-1807.92
0.00123885,-375.954
0.00657831,-404.763
0.0070767,428.148
0.00966502,-1664.93
0.0106479,-686.754
0.0197603,-957.839
0.0225377,-2759.63
0.0276829,-1439.35
0.0286287,-951.342
0.0329116,571.304
0.0346566,1178.42
0.0359373,87.6165
0.037637,-1654.55
0.0426375,-2058
0.043253,-233.262
0.0451341,-620.619
0.0512091,379.243
0.0521169,-339.495
0.0562768,681.033
0.0611406,-1518.67
0.0641018,2675.68
0.0677814,-108.854
0.0774104,-1683.95
0.0792345,171.276
0.0806006,-1239.82
0.0822587,210.829
0.0865264,-1500.54
0.0881553,-698.446
0.0881843,-841.772
0.0890601,-975.182
0.0916935,-2032.42
0.0942133,-234.308
0.100434,-1128.15
0.103342,1928.14
0.10475,-81.8965
0.114159,-940.541
0.115327,-542.946
0.117558,-2464.36
0.118786,986.309
0.121156,1136.3
0.121246,-1112.88
0.122161,-904.895
0.122462,-400.259
0.123766,-841.607
0.127753,-753.633
0.129933,-304.427
0.130055,-872.742
0.131543,-962.45
0.131592,222.002
0.132047,781.745
0.132558,318.016
0.132831,-1381.57
0.13599,785.849
0.13645,-624.98
0.137248,-1063.14
0.137282,-1006.29
0.140451,350.98
0.141192,202.174
0.142782,-739.321
0.144446,-645.999
0.146083,390.232
0.146313,1521.18
0.146901,641.72
0.14827,-2277.71
0.149029,312.69
0.149309,566.246
0.152559,-1388.79
0.155491,415.559
0.155943,-1504.47
0.156437,-721.567
0.160256,-951.734
0.160317,1040.43
0.163096,243.74
0.164579,-712.718
0.164814,-511.002
0.166625,128.858
0.167387,1098.13
0.171054,610.135
0.171351,-1664.09
0.171655,-4369.38
0.171872,526.968
0.172066,-2251.3
0.172959,-1441.04
0.174066,2079.28
0.176118,176.718
0.176851,-376.164
0.178217,-1512.54
0.178506,-1527.69
0.179101,-427.129
0.179298,1632.93
0.179318,-1379.99
0.181244,-389.796
0.181857,1654.75
0.184388,-784.34
0.184661,-698.425
0.18468,227.133
0.184964,-943.974
0.187233,-1808.52
0.189954,-3115.52
0.190008,-140.151
0.190131,-343.344
0.192325,-1265.59
0.193483,566.982
0.193646,-1348.13
0.194921,895.003
0.196321,-968.853
0.200156,-1490.83
0.200492,-815.5
0.20193,408.591
0.202073,-899.501
0.202819,37.4583
0.204985,2914.97
0.206188,16.5729
0.206551,-2244.79
0.207337,-1424.84
0.207407,-883.394
0.208744,170.272
0.211434,-601.178
0.211616,463.36
0.214321,580.075
0.214793,-1245.77
0.219161,-71.3052
0.219704,-233.108
0.221763,-264.169
0.226277,-637.495
0.2265,-1053.19
0.228512,-86.2539
0.233039,7.63931
0.23543,836.615
0.236906,-1108.46
0.240343,-627.346
0.240622,-1943.17
0.241223,-2541.2
0.243649,-5007.22
0.245298,-1028.3
0.248232,1782.15
0.249477,-1213.17
0.250028,-624.782
0.250102,-1130.15
0.250988,-1004.14
0.2525,-1179.29
0.254641,-983.408
0.260284,-1204.84
0.264394,-3266.91
0.264679,-2443.81
0.268089,-1665.89
0.269129,-1028.03
0.26962,-2577.75
0.272182,-238.462
0.273134,-134.897
0.275421,1697.58
0.2757,-1780.98
0.276034,-1195.36
0.278306,403.768
0.280436,-1241.77
0.282542,-1675.04
0.284207,106.443
0.285091,-143.796
0.285176,613.905
0.285889,-835.061
0.288365,70.3961
0.289514,-901.718
0.29,296.762
0.292092,312.616
0.293596,462.229
0.294855,3153.12
0.295669,-1530.48
0.299542,25.7015
0.299755,306.329
0.300582,882.676
0.301796,-425.472
0.30838,722.516
0.308446,-615.986
0.308803,925.443
0.308854,-689.769
0.310395,-1732.55
0.314069,1284.75
0.314187,-551
0.314977,-89.3278
0.315669,13.7272
0.316585,850.363
0.316988,-681.92
0.317213,629.653
0.317704,-5756.18
0.318754,-526.159
0.319645,1422.49
0.320501,-893.992
0.320958,-807.639
0.32126,-889.269
0.323304,-1929.67
0.325127,469.888
0.325542,-1097.24
0.327589,677.282
0.327903,919.974
0.328173,-899.13
0.330356,-4336.4
0.330606,-569.815
0.332001,-2011.57
0.33327,-2148.63
0.334008,-428.044
0.335883,-2498.53
0.336049,1974.4
0.33625,-3080.18
0.339846,1927.92
0.340315,-804.612
0.340516,394.24
0.341427,-121.423
0.342336,1433.44
0.342597,133.816
0.342867,-228.084
0.342968,-966.666
0.344427,-1114.96
0.344853,-1781.15
0.34636,-323.998
0.347076,198.42
0.353801,-2846.7
0.354567,-1955.32
0.354744,-2806.76
0.356018,-680.41
0.356365,-588.172
0.358116,1423.28
0.358533,84.6007
0.358983,-544.908
0.359227,-829.142
0.359429,1509.1
0.359564,683.032
0.360231,646.995
0.360313,-330.344
0.361036,771.121
0.361342,769.998
0.362464,255.669
0.362691,992.056
0.363822,-1177.07
0.365332,-1425.53
0.365801,-397.532
0.367653,232.054
0.36777,-935.955
0.3679,-2408.36
0.369114,-650.934
0.37041,959.997
0.370486,524.77
0.370871,151.21
0.371417,-982.743
0.374353,-1219.7
0.376284,-1385.45
0.376451,-1347.22
0.376605,-711.939
0.378337,-2272.5
0.379424,990.958
0.380256,-1900.17
0.381645,1324.78
0.381753,-349.945
0.382413,-1097.03
0.382621,-758.464
0.38357,-507.531
0.386414,1995.41
0.386566,1024.66
0.386993,-1867.79
0.388792,-332.01
0.390606,-818.423
0.391569,-3925.46
0.395041,-1985.75
0.401017,-675.304
0.402202,-645.149
0.402797,-194.5
0.402965,1389.8
0.404317,953.943
0.404486,-1240.83
0.404551,-1052.55
0.405314,-2387.55
0.406041,-341.818
0.406846,-831.316
0.407797,-33.8081
0.409152,82.9099
0.411562,1265.37
0.411677,1611.66
0.414099,-566.56
0.414895,-1208.55
0.416379,-2347.28
0.41731,-1378.97
0.417713,-943.746
0.421373,2361.93
0.421601,-1032.36
0.422171,287.993
0.423273,-1906.98
0.425804,-46.5782
0.427267,158.315
0.428237,-1689.75
0.42938,627.009
0.430251,-3036.63
0.430626,-307.638
0.432361,299.346
0.432386,-1221.66
0.433864,-727.976
0.434221,-39.0723
0.434972,-307.611
0.436037,-77.5687
0.437161,2975.1
0.438917,-174.184
0.43894,2171.32
0.43958,-1543.33
0.439677,410.958
0.43981,-141.309
0.440346,-600.331
0.441965,330.381
0.442877,-424.023
0.443588,513.803
0.443736,-267.674
0.44404,-1040.39
0.447495,2037.57
0.447988,-2234.92
0.448795,-2660.05
0.449036,-1250.83
0.44929,383.81
0.45125,-982.8
0.454049,-2144.37
0.455377,1808.9
0.456456,-5328.9
0.456909,68.4051
0.456969,-1510.86
0.459797,-602.984
0.462111,-46.5178
0.462636,-374.829
0.463498,1453.68
0.465035,-3369.39
0.466989,-2352.42
0.467144,-1116.51
0.469171,57.7452
0.471611,-557.778
0.472263,-3497.73
0.475454,-1905.99
0.475866,270.224
0.476428,-801.802
0.476488,-1347.19
0.476657,-959.107
0.477213,-2084.32
0.477328,-1799.51
0.47738,680.556
0.47824,2311.45
0.478387,559.988
0.479701,144.369
0.479867,-927.124
0.480468,-3795.46
0.481672,-2137.16
0.482118,-2566.83
0.483259,76.4613
0.487796,-3296.42
0.489759,3473.76
0.490194,1457.99
0.491766,-2670.33
0.492986,-3672.15
0.496763,-2659.62
0.496891,-396.957
0.497477,143.365
0.49775,-2031.64
0.499832,1033.06
0.502681,242.154
0.502713,394.221
0.503713,-1370
0.505778,-2313.55
0.50612,-4674.56
0.507619,63.2912
0.508146,-796.699
0.51065,-3004.26
0.511013,-94.9717
0.511459,-755.865
0.511558,-1324.61
0.512672,-1928.83
0.512984,359.718
0.51507,-399.79
0.51522,-1169.88
0.51535,-436.155
0.517476,-1419.49
0.518696,-373.126
0.518696,-469.235
0.51933,-2407.09
0.520782,-355.705
0.520867,-1222.52
0.524027,710.18
0.525691,257.868
0.526431,282.895
0.527097,469.261
0.528248,-1062.12
0.528852,-2026.46
0.530463,-1831.41
0.532134,1420.41
0.532665,-1439.05
0.533357,1080.91
0.535706,-1466.5
0.536769,-1204.4
0.537553,-1626.53
0.537979,247.061
0.537982,635.85
0.538164,-1624.03
0.538408,-1047.03
0.53907,-1725.85
0.539146,-2013.33
0.539699,-1414
0.542571,-981.486
0.543776,-3829.72
0.543919,-170.332
0.544653,799.248
0.545857,-258.44
0.546821,705.089
0.546877,-1113.58
0.548063,-1832.15
0.550615,-810.189
0.551696,-2240.51
0.551755,-670.557
0.552589,451.783
0.552729,-96.1153
0.553931,-1711.98
0.554827,-469.556
0.555936,-1068.07
0.556146,-429.785
0.556878,-1399.35
0.559094,-1389.02
0.560195,-2388.9
0.560282,-3122.86
0.560896,-1719.12
0.561539,-1300.83
0.562211,-2148.45
0.562429,-1285.37
0.562738,-403.084
0.563884,2342.88
0.564453,-1639.17
0.568429,579.36
0.568624,-229.789
0.56971,-653.726
0.569725,-740.057
0.570661,-2032.16
0.571343,-374.932
0.572065,-470.006
0.572942,-444.829
0.573221,-1044.24
0.573257,933.743
0.573435,200.476
0.574418,2132.04
0.575693,-1010.2
0.576082,60.7676
0.581011,1133.55
0.581245,-1632.78
0.582397,-835.868
0.583705,387.76
0.583878,806.724
0.588097,149.654
0.588172,-2450.21
0.588792,-2575.27
0.589257,-1556.97
0.589936,1385.03
0.592207,-1251.25
0.592246,-151.879
0.59309,2726.05
0.593805,-1144.05
0.59511,-1291.9
0.596154,-2439.21
0.597125,-1617.45
0.597625,-2211.94
0.599076,-2064.96
0.599266,-1663.45
0.599421,-2072.78
0.601168,-967.005
0.601754,-467.294
0.605919,-927.087
0.606253,-1534.19
0.608134,-320.043
0.611455,32.5968
0.612465,7.90361
0.614974,-1452.09
0.615244,1026.53
0.615483,936.19
0.615795,702.981
0.616385,-1815.81
0.616664,1910.23
0.617844,-1415.53
0.618259,942.967
0.618505,-37.4666
0.618895,-333.84
0.620956,148.928
0.621754,-455.115
0.622629,-1163.36
0.625394,-1519.86
0.627571,721.517
0.631832,-4027.14
0.632091,-1175.9
0.632359,-2258.8
0.63282,-1811.11
0.632885,391.065
0.632891,1239.86
0.633763,-1077.85
0.635589,-1455.07
0.636772,547.336
0.637753,507.009
0.640077,-1706.51
0.64045,-708.714
0.641293,-1301.26
0.642381,388.857
0.642482,-1906.19
0.64362,-1167.27
0.644857,-877.557
0.645064,-881.096
0.646359,591.518
0.646645,-1911.66
0.648206,-1162.92
0.648243,-2609.69
0.650073,-657.01
0.650929,-483.778
0.652038,-787.438
0.652956,-1896.76
0.653936,713.001
0.655758,-1645.38
0.656388,449.167
0.65748,-979.348
0.658653,668.616
0.658909,-257.402
0.662148,924.477
0.66373,-1158.6
0.664626,-54.8522
0.665529,-1784.69
0.665624,-1954.6
0.666477,-439.085
0.667201,-1.06052
0.667848,-5610.07
0.669737,821.787
0.670767,-1905.94
0.671648,-338.037
0.673436,347.316
0.674311,532.773
0.676481,192.397
0.676725,1577.01
0.6793,-380.487
0.679427,-1083.32
0.679688,328.537
0.680294,113.102
0.682881,-623.06
0.683507,2083.5
0.68513,-1826.9
0.685399,-1964.86
0.686099,-671.251
0.687181,-605.904
0.690253,549.251
0.690527,-1250.46
0.690784,-558.793
0.692595,1568.09
0.692787,-535.336
0.692888,-297.107
0.695258,819.26
0.696158,-921.003
0.697895,-929.608
0.698783,-713.606
0.699363,-1096.83
0.701491,1195.79
0.701666,-2834.84
0.702914,761.558
0.703204,134.218
0.706441,-655.785
0.706674,-921.612
0.707822,-1396.27
0.707831,-1003.41
0.710755,13.0487
0.711521,-1705.29
0.712897,531.623
0.714153,-393.992
0.714269,291.625
0.714731,-840.283
0.714916,-1732.62
0.716881,-2424.43
0.717708,-699.713
0.719502,912.195
0.720326,-1051.84
0.720553,-395.714
0.721169,-1037.22
0.721982,-1219.79
0.722432,1281.55
0.722799,-205.568
0.722841,-765.216
0.726246,-842.431
0.72824,1529.91
0.729634,-138.974
0.73037,-2219.73
0.730936,-196.203
0.731511,413.893
0.734202,-2226.57
0.735453,1484.09
0.738031,-1543.43
0.739649,-2710.11
0.741508,-1456.05
0.741602,-2420.3
0.744107,-1724.4
0.744419,-1413.17
0.745792,-527.518
0.746515,-1503.13
0.747151,-905.676
0.747315,-1131.95
0.74756,-1908.05
0.747776,-1209.81
0.748449,-1480.97
0.75001,-821.474
0.751752,-586.467
0.752496,-150.185
0.753979,441.72
0.754597,34.1012
0.754795,-4296.57
0.756035,-1697.72
0.757558,-920.675
0.760121,-330.799
0.760349,-2220.22
0.762926,900.983
0.763563,139.675
0.765083,-1330.5
0.768078,-667.854
0.769128,-72.8212
0.770111,-844.071
0.771007,-314.882
0.771244,-586.557
0.771932,-142.811
0.774922,-149.752
0.776024,-441.468
0.777055,-1238.77
0.778976,-1477.56
0.779106,-427.256
0.779723,1673.9
0.780223,-2789.54
0.782201,-3550.02
0.783285,-328.135
0.784052,-1386.15
0.784405,-691.949
0.784546,-1055.45
0.785687,-372.61
0.785971,-799.56
0.786665,-4617.98
0.789942,420.832
0.792102,-636.871
0.793217,-467.883
0.79361,932.328
0.794154,-279.485
0.795621,-3774.49
0.796353,297.999
0.800507,-259.625
0.80118,-501.93
0.801304,-449.792
0.802198,2175.83
0.802335,321.07
0.805787,-4691.27
0.806398,2493.82
0.806617,1393.01
0.807382,-373.388
0.808218,247.37
0.810898,-3093.21
0.811578,2237.06
0.812957,-3071.94
0.814645,2403.79
0.815135,-1583.09
0.815674,-327.503
0.816071,-1179.1
0.816478,-2305.93
0.819313,-227.472
0.819407,-38.5435
0.825377,113.297
0.826722,351.966
0.828278,-1162.69
0.829541,988.871
0.830091,-341.792
0.831201,-1529.59
0.832881,-5582.13
0.833547,-2507.53
0.835719,-982.086
0.837235,17.0739
0.837539,-111.604
0.838145,-431.681
0.838873,-1042
0.839813,-2118.81
0.840995,854.482
0.841838,-484.517
0.842711,-1425.23
0.842959,-978.658
0.844907,-341.109
0.845992,-154.688
0.848818,-791.642
0.850131,-692.222
0.852426,1014.39
0.852449,-517.808
0.85281,23.6685
0.854401,-2838.15
0.857408,-2642.5
0.85984,93.4381
0.859914,-707.569
0.860307,-1440.41
0.86068,-791.967
0.861085,-1071.59
0.861366,-2249.61
0.864531,-3628.81
0.866229,-378.812
0.866647,-227.322
0.86713,247.458
0.867757,-366.984
0.868067,442.961
0.872156,-811.791
0.873506,-1482.58
0.873722,-471.585
0.874607,33.1502
0.882075,978.663
0.884352,-941.111
0.884824,491.648
0.885302,-1936.75
0.893332,-3186.77
0.894365,-715.626
0.894498,-683.292
0.895989,863.077
0.897077,-846.447
0.897428,-1563.8
0.904794,153.698
0.904995,294.116
0.905935,-273.197
0.909441,-624.578
0.912701,1585.54
0.915125,-76.6271
0.916373,1858.86
0.918152,916.003
0.918398,613.708
0.919104,52.0978
0.920411,-640.494
0.921343,-990.589
0.923507,-108.223
0.924056,-333.973
0.926022,-2232.85
0.926116,-633.457
0.92788,-2005.65
0.929697,-1362.91
0.931403,-569.158
0.93247,-377.232
0.93298,-2570.71
0.933592,-1221.6
0.93382,-1867.98
0.934311,-297.649
0.934631,-132.115
0.936133,-5239.46
0.936829,-563.635
0.938542,-752.844
0.941665,1196.07
0.94199,-3972.08
0.942651,614.028
0.942688,-1415.74
0.944098,-171.175
0.944894,-2172
0.946866,-805.446
0.948261,-238.68
0.95071,1598.72
0.951025,-1630.31
0.953571,-1071.43
0.954032,-646.171
0.955846,-822.004
0.960081,-1364.14
0.960958,-1029.16
0.961534,1157.6
0.961997,183.384
0.962229,-126.443
0.96713,-570.269
0.967162,187.445
0.968895,-599.263
0.969954,-2103.13
0.971397,-522.214
0.97385,-591.052
0.975613,-1804.45
0.975638,-1729.03
0.977795,-149.374
0.978492,-1477.56
0.979782,936.72
0.980282,3704.28
0.983354,783.791
0.987263,-28.9398
0.988926,-3476.53
0.989093,-1007.23
0.989916,1381.56
0.994205,-1533.83
0.995907,-2084.79
0.997405,772.849
0.999613,1991.32
1.00001,-863.758
1.00406,-624.046
1.00453,-46.4163
1.00536,130.389
1.01046,-1182.4
1.01162,-142.887
1.01163,956.728
1.01297,-752.356
1.01545,-2256.05
1.01811,-390.152
1.01962,-441.974
1.02372,873.483
1.02532,1774.66
1.02615,-1203.89
1.02955,-569.241
1.03056,-1506.44
1.03099,1219.26
1.03159,1292.36
1.03375,132.609
1.0338,-1105.33
1.03397,-3280.97
1.03732,-354.184
1.04065,-737.645
1.04135,1971.85
1.04396,-803.066
1.0456,-834.928
1.05033,309.703
1.05359,-2.8049
1.05488,3106.37
1.05653,106.559
1.06167,1064.5
1.06197,-1794.23
1.0622,171.261
1.06275,-1668.08
1.06301,-72.4962
1.06387,-4674.63
1.0641,-2115.99
1.06543,-706.843
1.06558,-2006.05
1.07197,-2086.43
1.07298,-336.484
1.07442,1997.52
1.08158,-1326.87
1.08253,535.795
1.08478,-4001.7
1.08632,107.807
1.08669,-601.407
1.08711,-1591.01
1.08812,-841.419
1.08933,-1605.65
1.08943,-792.813
1.09094,-33.7514
1.09115,-1055.35
1.09407,-757.445
1.09551,-2575.28
1.10088,2.57987
1.1039,-908.313
1.10587,300.403
1.10672,43.7397
1.10711,-730.536
1.10719,2229.89
1.10788,240.461
1.10813,2870
1.11219,-23.7849
1.11298,-2184.83
1.1147,-425.273
1.11541,-1352.32
1.11581,619.188
1.11721,-1450.1
1.12001,-540.04
1.1206,-111.091
1.12319,-283.705
1.1241,2714.91
1.12608,503.768
1.12794,548.593
1.12843,-4353.81
1.13088,-1574.38
1.13185,-1958.1
1.13814,-2266.54
1.13916,1796.4
1.13957,-644.167
1.13964,1883.89
1.14063,1115.88
1.1411,-682.507
1.14224,-522.632
1.14278,-623.323
1.14418,1109.63
1.14492,417.492
1.14682,1357.43
1.1489,-2444.43
1.14944,-1942.82
1.14965,-1014.67
1.15224,-1184.63
1.15495,-307.374
1.15934,-86.0106
1.15982,-1859.73
1.16339,704.016
1.16553,313.778
1.16624,-4492.67
1.16652,-4159.15
1.1703,2751.09
1.17147,-2228.61
1.17165,-1309.13
1.17724,18.9035
1.17746,-1769.52
1.17761,142.544
1.18074,-146.671
1.18151,-2656.5
1.18251,-982.929
1.18507,-1707.84
1.18759,59.4081
1.2039,60.8815
1.21069,-91.8285
1.21306,596.514
1.21634,-1360.18
1.21674,-1614.95
1.2252,-711.644
1.22596,-2300.02
1.22653,-750.309
1.22921,1064.53
1.23194,1308.02
1.23279,968.152
1.2328,-164.5
1.23433,-3243.34
1.23509,-1429.13
1.23785,-3832.61
1.23884,1388.25
1.23982,593.777
1.24042,-1012.57
1.24171,-105.86
1.24471,908.93
1.24785,-886.993
1.25392,-944.581
1.25437,-759.988
1.25709,-1174.33
1.2575,-1261.65
1.25838,-1756.45
1.25964,-25.7475
1.26058,-1632.18
1.26059,901.021
1.26194,-582.634
1.26214,624.98
1.26587,-822.762
1.26749,-1152.7
1.26833,293.393
1.26904,674.216
1.27206,471.807
1.27402,-383.208
1.27508,-45.1701
1.27672,-208.771
1.27751,680.473
1.27775,3461.71
1.27947,66.0513
1.28127,668.362
1.28288,-1360.09
1.28433,1046.89
1.29229,421.217
1.2932,440.751
1.2944,692.742
1.29694,-716.11
1.29757,-2849.66
1.29883,-1723.07
1.30338,-1412.39
1.30674,-1918.29
1.31047,504.087
1.31205,-960.234
1.31459,-1385.86
1.31728,-65.5641
1.31795,-999.597
1.31937,-163.871
1.32712,-837.349
1.33196,567.635
1.3333,-328.169
1.3355,328.693
1.33558,625.715
1.33599,-108.55
1.33902,-969.511
1.34079,17.0705
1.34253,696.79
1.34846,-1329.47
1.34906,1253.04
1.35158,-1374.21
1.35233,44.2574
1.35328,141.847
1.35553,173.264
1.35563,-2852.13
1.35711,-877.067
1.35723,-63.3741
1.35727,-719.7
1.35934,-1630.56
1.37073,-286.536
1.37185,-910.337
1.37217,-390.009
1.37397,-453.806
1.37909,2901.61
1.38517,367.229
1.38705,-166.549
1.39008,-1297.38
1.39275,-791.916
1.39279,1197.54
1.3941,-494.157
1.40062,-2121.19
1.40326,799.728
1.40388,-714.311
1.40491,1059.07
1.40776,-2162.56
1.41375,265.171
1.41391,1257.31
1.41843,-1712.51
1.41898,-162.157
1.41975,1858.78
1.42246,-505.121
1.42347,-1171.43
1.42787,1045.24
1.42832,-441.509
1.44467,-2785.97
1.4451,-595.136
1.44535,919.804
1.44968,-560.308
1.45055,-1123.72
1.45241,-451.608
1.45566,-1946.53
1.46004,1012.43
1.46239,-1669.55
1.46416,286.817
1.46591,-103.717
1.47083,-22.2956
1.47122,-1157.18
1.47683,-802.405
1.47724,-954.844
1.47905,-2675.01
1.48036,-1169.82
1.48406,259.124
1.48442,168.623
1.48442,144.433
1.49462,-2237.98
1.50029,-782.947
1.50379,-330.518
1.50641,-1513.33
1.50769,-1179.31
1.51056,-128.898
1.51212,-321.108
1.52286,-441.84
1.52335,52.9308
1.52495,-192.043
1.52803,455.325
1.53403,-967.646
1.53406,-188.926
1.53423,80.2986
1.53965,-659.347
1.54053,-182.481
1.54128,122.198
1.54344,347.67
1.55051,-1098.73
1.5531,288.916
1.55426,-644.093
1.56308,450.117
1.56532,-1292.48
1.57029,-359.36
1.57257,-1084.34
1.57539,-48.1846
1.57579,2010.8
1.57582,423.634
1.57649,-568.043
1.57714,2351.19
1.57758,1321.3
1.57863,561.022
1.57935,-466.029
1.58109,-215.159
1.58316,653.35
1.58449,256.548
1.58482,769.873
1.58848,-1121.82
1.5901,-731.314
1.59045,42.67
1.59361,-1097.53
1.59686,-584.464
1.60137,-2025.78
1.60547,97.1992
1.60944,-76.1383
1.60985,581.587
1.616,-526.11
1.61951,-3730.56
1.61951,-977.613
1.61981,-875.364
1.62108,-1297.74
1.62324,203.914
1.62516,-3472.7
1.63393,-654.253
1.64086,-1295.18
1.64341,938.693
1.6459,629.03
1.649,150.966
1.65425,1231.08
1.65858,-91.8807
1.66192,-449.689
1.66888,-1996.69
1.66957,-513.703
1.68307,-123.996
1.68453,-613.705
1.68608,-1433.44
1.68945,-98.702
1.69243,-240.214
1.69285,-1960.68
1.69596,991.856
1.69825,-325.932
1.70337,-1994.64
1.70384,812.534
1.70385,753.327
1.70851,-2205.46
1.70967,-545.454
1.71069,-823.853
1.71325,-324.834
1.71565,-704.85
1.72857,1472.02
1.73266,-1232.75
1.73681,-356.26
1.74044,180.616
1.74966,60.8602
1.75159,-330.396
1.75255,218.035
1.75407,30.1746
1.75416,2703.32
1.75551,-141.566
1.75739,2445.39
1.75748,-498.065
1.75846,-3305.87
1.75987,-83.0853
1.76779,-416.601
1.7692,-1084.18
1.77066,-1943.23
1.77416,59.8196
1.77482,-12.4432
1.77932,-1566.97
1.79851,-3715.84
1.80194,-1359.33
1.80206,-609.615
1.80449,1288.11
1.81268,-2021.89
1.81343,-779.248
1.83381,824.143
1.83587,-313.384
1.84062,-2015.38
1.84793,-748.249
1.85219,-610.586
1.85486,-2101.03
1.85531,351.292
1.85762,1080.06
1.8602,-281.787
1.86428,245.486
1.86808,467.936
1.87721,-1258.04
1.87735,-871.261
1.88673,404.327
1.89074,-2342.42
1.89301,-1394.95
1.90268,-929.44
1.90444,635.723
1.91643,-1925.23
1.92008,-1508.63
1.92598,-1183.86
1.93188,1030.63
1.93358,179.324
1.93398,-1533.19
1.9346,-805.364
1.93484,-2787.67
1.94401,465.918
1.9524,-257.559
1.9532,35.5934
1.95719,-714.612
1.95831,-222.012
1.97411,-1024.21
1.98814,-3939.12
1.99206,-2510.07
1.99258,-40.2462
1.99833,-215.892
2.0076,1728.25
2.01338,516.174
2.01631,-14.9273
2.01877,-1686.69
2.02013,-2365.87
2.02264,-282.961
2.03055,-661.1
2.03433,845.328
2.0344,-1503.43
2.03463,565.141
2.03656,-1161.02
2.03671,-650.776
2.04072,284.748
2.0454,-2226.13
2.05128,148.002
2.06024,-316.032
2.06884,32.8597
2.07072,-4114.15
2.07634,-30.307
2.07652,-2799.3
2.10521,-537.311
2.11308,-527.704
2.11989,215.413
2.11993,-27.6595
2.12554,-1245.34
2.12651,986.501
2.13063,-206.761
2.13634,575.75
2.14558,-714.17
2.15138,-866.155
2.17115,-725.869
2.1737,-877.801
2.18346,-3015.9
2.21142,-891.495
2.25301,-1897.68
2.26088,289.585
2.26644,-1792.23
2.27099,-1054.17
2.27252,505.378
2.27848,-1286.58
2.2855,-102.657
2.29159,9.79406
2.29841,-79.8404
2.29871,-536.453
2.31881,536.773
2.32235,-373.974
2.33574,-5056.58
2.37145,-580.536
2.38038,-1724.96
2.38681,-239.044
2.39401,7.50495
2.39704,588.764
2.40539,-70.1206
2.41501,-285.646
2.41984,-60.7721
2.42836,631.714
2.43448,589.703
2.43798,891.142
2.45577,1126.95
2.46774,404.616
2.4722,1140.92
2.47652,-883.434
2.47784,-1503.2
2.48012,-1764
2.50016,-698.541
2.50428,81.5959
2.50489,-3494.31
2.50746,-81.8644
2.51633,415.122
2.5196,467.846
2.52528,1318.17
2.54389,-690.932
2.54828,-1693.41
2.56102,379.933
2.62937,529.684
2.6518,-48.9771
2.69003,14.1988
2.70081,-1407.6
2.70129,-713.111
2.70307,186.621
2.7271,-82.4509
2.74991,-3713.71
2.75662,-4.1127
2.77466,1087.44
2.78113,295.815
2.80197,-2689.92
2.83041,515.067
2.87367,38.9295
2.90903,526.516
2.90989,-1574.78
2.92399,1494.21
2.92539,-2845.22
2.94714,-236.28
2.95287,572.411
2.95505,-31.3864
2.96506,859.645
2.97653,-1306.93
2.97848,915.728
2.98485,177.958
3.05326,1134.64
3.06687,-524.99
3.10941,1199.94
3.16328,-1792.72
3.20143,-2214.47
3.20597,359.16
3.21526,-565.71
3.24285,-1121.21
3.26804,45.7358
3.30941,1542.86
3.3396,-475.519
3.34342,466.302
3.36262,770.946
3.36464,558.017
3.37661,-1790.1
3.41656,655.722
3.42573,-93.547
3.43543,370.781
3.46455,354.883
3.46724,-1411.46
3.47731,1133.14
3.61343,-1664.67
3.64156,-711.693
3.64579,-1695.44
3.65587,1703.13
3.76312,889.547
3.78483,-162.599
4.01024,-490.943
4.05157,1507.45
4.06048,-2401.31
4.06325,-1153.62
4.07469,-16.3814
4.11463,-1956.85
4.13278,456.631
4.23261,-1360.38
4.32989,616.487
4.34486,-1310.57
4.36599,-78.7307
4.47029,-918.908
4.61973,-646.311
4.63479,1514.82
4.72396,266.422
4.79107,-690.285
5.16187,1177.06
5.25169,-485.045
5.70341,312.549
