Pressure
0.402766
2.44108
1.83364
1.37066
1.44293
0.593015
0.599439
1.46863
1.74697
0.430429
1.88609
0.701566
0.151876
0.65336
0.130194
0.249165
1.30884
1.11974
0.690445
1.86115
0.280151
4.69551
1.47817
0.949715
2.03116
0.38147
0.536417
2.29495
1.73481
1.51945
2.12123
0.808339
0.135646
1.11032
0.446507
1.09489
2.50052
0.181591
0.352525
0.548431
1.41084
2.09808
1.33499
1.5815
0.144522
1.34131
1.95016
0.662084
2.27631
0.705808
2.44424
3.6647
0.117096
1.50386
0.206816
1.93423
1.18253
0.904226
5.88022
5.18817
0.523785
0.541964
0.182018
3.54441
0.773991
1.02222
1.35534
2.2356
3.36667
0.876241
0.33939
0.0743173
0.154249
0.415881
0.277433
2.18959
0.671947
0.604368
0.433464
0.997757
0.772611
1.08673
0.714285
0.630718
2.0954
1.15768
0.988982
0.244701
0.707063
2.37245
1.32085
0.708313
0.664775
0.464679
6.05208
1.68412
0.157159
1.63814
0.794487
0.732461
1.93302
0.772781
0.582007
1.35649
0.45325
2.34397
2.21812
1.03503
0.653043
0.154396
0.64115
0.844709
0.610181
0.262791
0.648882
1.59348
0.816454
0.830098
0.829812
0.384178
1.45439
3.38011
2.71297
1.59292
0.449699
2.10121
0.66578
0.349998
1.31476
0.714225
0.669739
0.878083
0.777316
0.862872
2.92858
0.0758748
0.525713
2.02976
0.385153
0.540033
0.880392
1.45655
0.454996
0.36985
0.394314
0.365522
1.0206
1.13354
0.597123
1.02897
0.473781
0.680194
1.01881
1.38971
1.49361
0.52362
1.24249
1.17552
1.36338
1.0336
2.51844
0.532672
1.09315
0.991627
0.287388
0.207501
0.627716
0.430795
1.38536
1.57503
3.3055
2.301
2.35455
1.10847
1.02229
0.687871
0.391841
0.94982
0.208641
1.60701
3.46048
0.136029
4.38331
0.0548009
0.764899
0.604708
0.541287
1.15522
0.653094
6.12946
2.15968
0.343368
1.81959
0.471178
4.32303
0.0493769
1.13685
1.00748
2.76906
1.46819
0.534163
0.595407
0.469374
1.97003
0.126446
0.607487
2.16103
2.57999
0.356468
1.65829
0.854621
0.946692
0.658713
0.217418
3.64596
0.523705
0.501181
0.629188
0.184137
1.8191
1.11075
2.04488
0.386533
1.16454
0.130119
1.0408
0.450465
0.391549
2.77796
0.484154
0.288401
0.157948
0.921225
0.652822
1.29684
2.8623
0.795611
0.37801
1.22311
0.985179
3.34621
2.00159
0.369117
0.97881
1.00376
0.736045
0.0780416
1.55595
0.460564
0.76345
1.8659
0.57687
0.401411
0.0295151
0.804448
1.16931
0.992758
0.569113
1.15253
1.78457
1.94513
1.04263
2.03306
1.56385
0.388166
1.29792
0.362644
3.42108
2.84538
0.29131
0.117508
1.97929
0.699129
0.448056
0.839418
0.647567
0.430076
0.276256
0.962012
0.470354
0.319864
2.29861
1.45161
0.890899
6.46702
0.961162
1.82368
0.513308
1.54012
0.509665
0.335278
1.32618
0.433631
0.435919
0.66634
1.43383
1.26283
1.12198
1.16461
4.31326
0.896481
1.10726
0.722937
0.881893
1.83672
0.7021
0.286131
1.53692
1.00607
0.58178
3.62729
1.48196
1.56947
2.13044
1.8163
0.306201
0.854024
0.150075
0.472981
0.91686
0.732865
0.302152
1.23577
2.48461
5.46834
1.05028
5.64535
0.358669
0.730204
0.904252
2.16493
0.810759
0.699884
0.793599
1.76962
1.07524
2.46988
1.20165
0.701381
2.78261
0.679311
2.84306
1.61067
0.506979
1.46876
0.310026
3.49644
2.75086
1.06146
1.7743
0.981536
0.569613
0.72782
0.310475
1.28382
0.545244
0.217973
0.842253
1.91954
1.34696
1.91656
0.156712
1.51633
2.10213
0.317134
1.81924
0.591182
0.68986
0.320067
1.11032
0.317052
0.503052
0.978891
3.05336
2.11987
0.917805
0.93813
1.21367
0.369428
2.00977
0.452233
0.203999
0.396982
0.481169
0.212684
0.437462
1.50113
0.412481
1.34073
0.880462
0.879285
0.724665
0.529526
1.16762
1.5441
1.17649
1.02965
1.67422
0.454957
0.799019
1.75605
1.87517
0.125933
1.01791
0.435767
0.760677
2.17198
0.0562223
0.318371
1.39569
0.20457
1.11419
0.476682
1.21458
1.89965
2.80886
2.41236
0.834384
5.71829
0.74592
1.96623
1.00929
1.35001
1.67977
0.904278
1.33731
1.69715
0.0113661
0
1.69203
1.5382
0.15754
1.41352
0.760085
1.04105
1.22094
0.430667
0.983197
1.70989
0.940936
0.97531
0.198574
1.12103
2.43484
0.853209
2.83979
0.672279
1.81105
1.05208
1.69461
3.26037
0.557309
0.587049
0.469295
1.25153
0.373061
1.15414
1.22889
0.47199
0.599373
0.489729
0.54122
2.02335
1.55418
0.589318
0.760799
0.357528
0.0293643
0.641227
0.597154
0.180832
1.04961
0.369249
0.336205
0.4581
0.606135
2.1051
2.99976
0.538779
0.448618
1.98367
0.36839
0.921699
1.23401
0.805763
0.929474
1.08772
1.4238
3.0658
1.02587
0.204068
1.9692
0.217833
0.774561
0.225955
1.62629
0.654959
0.747988
0.531499
0.779169
1.47273
1.95431
0.863133
0.847817
0.100109
1.33628
3.51123
0.966044
1.76817
0.905192
1.83921
0.761791
0.319001
0.264312
2.84097
0.45558
0.483478
0.519565
0.403622
0.224766
2.02515
0.465874
0.527887
1.32559
0.685282
2.0438
1.15008
0.785719
0.517347
0.838
0.729762
4.96685
1.53339
8.2743
1.2639
1.48882
0.510721
1.08729
2.89197
1.05771
0.148542
1.11634
0.734128
0.549639
0
1.37397
0.219399
1.81762
0.66054
0.607565
0.830655
1.05985
0.442298
1.39929
0.540268
0.423506
0.452962
1.57115
0.817669
1.36055
0.553939
0.472952
2.49375
0.708799
0.281627
1.09352
0.543079
0.608229
0.451037
0.734176
0.825465
0.938897
1.99107
0.976131
1.39944
1.01973
0.750945
7.41154
0.776783
0.185218
1.01893
0.742722
2.90751
0.52906
2.31865
1.67846
1.10596
0.850239
0.192766
2.92677
1.81428
0.622491
1.2125
0.880549
1.91528
0.384922
1.48975
0.395477
2.25802
1.34598
0.26949
0.712935
0.718759
1.84763
1.73376
1.05951
1.43777
2.54884
0.775958
0.281611
1.17716
1.2889
0.889971
1.41318
2.1509
0.631313
0.602476
0.188842
1.18782
2.78677
1.14524
0.950176
1.02162
4.85645
0.448242
0.238035
1.28883
0.583824
7.76711
0.208776
0.544419
0.482659
0.310346
0.969684
1.43061
0.696626
1.3593
2.72685
0.915176
