Pressure
1.58602
0.156816
0.712434
0.930358
0.295124
0.00982767
0.38475
1.67956
1.1697
0.381326
0.846982
0.712604
0.607603
0.432683
1.16516
0.804082
0.692018
0.396783
0.206995
0.350386
1.02998
0.290373
2.34119
0.282072
1.17448
0.727616
1.2335
0.921655
0.698722
1.34219
1.52499
0.631156
2.32088
0.945601
0.706556
0.59721
0.442564
1.03641
0.724706
0.422192
0.464585
1.71261
0.825774
1.18916
0.173675
1.08747
0.812898
0.607262
0.718312
2.01085
1.29886
0.591789
0.158295
0.531184
0.393666
0.479615
0.532585
0.388116
2.24876
1.87762
0.32749
0.61964
1.17324
2.98213
0.82482
1.74897
1.18183
1.10262
0.686903
3.73478
1.06807
1.33059
0.255571
2.79976
0.480592
0.72223
1.43416
0.118212
0.959626
1.50485
1.20049
0.578039
0.207989
0.243413
0.627127
0.188317
1.82811
0.504067
0.187891
0.214063
0.117156
0.756036
0.401452
0.415058
0.749621
0.484643
0.275547
0.43582
0.204868
1.29702
0.845332
0.150002
2.8616
1.05797
