Pressure
0.151876
0.976725
0.138142
1.73481
0.903347
0.177996
1.39711
2.27955
0.257775
1.08673
0.842328
0.426683
1.15768
1.63814
1.52808
0.653043
0.517405
1.59348
1.17638
1.14148
0.858165
0.714225
1.11417
1.64517
0.385153
1.27957
0.495346
0.946677
1.1487
1.57503
3.33822
0.714706
0.0548009
0.653094
0.534163
0.595407
1.19905
1.8191
2.04488
0.386533
0.46759
0.652822
0.594565
0.595644
1.00376
0.0295151
0.128732
0.48111
0.533709
0.647567
0.962012
0.890899
1.15195
1.32618
1.16461
0.896481
1.53692
1.00607
1.13271
1.77747
0.854024
0.150075
1.05028
1.56406
0.625118
0.506979
1.29414
0.404881
1.91656
0.443521
1.16682
0.320067
0.158363
0.276873
0.380884
0.541656
0.481169
0.212684
0.252679
0.435767
0.0562223
0.164581
0.198574
0.292051
0.599373
0.496904
0.57384
1.33646
0.780571
0.304676
0.425034
1.59727
1.83921
0.421351
0.527887
0.82894
0.729762
1.56622
0.992177
1.01973
6.12205
0.776783
0.185218
0.742722
2.90751
0.894553
0.335312
1.2125
1.48975
0.461642
1.3049
0.26949
0.497797
1.2889
1.41318
0.838966
