Pressure
0.931363
1.31731
1.18843
0.3582
0.128173
0.170323
0.691587
1.44071
1.31815
0.319384
2.17716
1.04116
2.3233
0.802376
1.20727
1.33461
1.51208
1.30092
1.46012
1.02964
1.44944
1.05701
0.257524
0.506352
0.768444
1.02675
0.534884
0.874142
2.13486
1.3666
0.668991
1.42483
0.100531
1.35027
1.55326
0.664053
0.458311
0.504523
2.36467
0.775258
1.80166
0.645162
0.388563
0.16586
1.82788
0.0833196
0.816478
0.986463
0.141606
0.998208
0.559442
1.59454
0.2664
1.54992
0.998406
0.378665
0.433518
1.3148
1.11501
1.22054
1.95028
1.20835
4.06158
0.915492
1.9667
0.748352
2.96988
1.05392
0.71523
1.09579
0.321945
1.2909
0.469326
0.957075
0.510079
0.537516
0.194494
1.49656
0.597862
0.212508
0.478699
1.14833
0.827773
1.06706
1.75288
0.860789
1.11877
1.20845
1.26524
1.06767
1.5268
0.124551
0.373974
2.16306
0.234575
0.34489
1.70174
1.89527
1.15594
0.846889
0.52113
1.64266
1.01749
