Pressure, Change in distance between ball and goal
0,-11.8865
0,627.107
0,443.544
0.0133464,1174.36
0.0333326,440.453
0.0358762,-534.504
0.0434935,3051.24
0.0533305,3332.9
0.0604867,-703.731
0.0637503,-441.683
0.0649319,553.329
0.0701283,756.237
0.0721564,-480.464
0.0793417,2154.96
0.0812039,1897.37
0.0823921,2093.79
0.0872484,308
0.0886378,2608.27
0.0891,-651.67
0.0967753,353.745
0.106484,-467.924
0.112109,-142.935
0.11425,482.452
0.118001,669.602
0.118028,372.816
0.122043,61.3856
0.122799,1553.02
0.128117,113.214
0.13225,1295.18
0.136308,1995.32
0.153463,1743.03
0.156494,1568.47
0.156851,103.263
0.15953,701.743
0.160217,-801.365
0.166198,-896.193
0.168676,2184.79
0.174588,1740.32
0.175766,616.319
0.178781,-182.738
0.179681,-100.517
0.179886,-39.4989
0.182052,-122.3
0.183827,3273.45
0.188397,-139.802
0.188756,269.526
0.189095,-534.638
0.197885,-135.514
0.200346,-589.441
0.200465,-556.684
0.20125,380.158
0.201879,372.656
0.210583,181.522
0.215067,-899.218
0.215839,380.123
0.217518,-373.963
0.218697,-188.217
0.221525,-987.215
0.22305,-151.402
0.223122,267.716
0.225108,-52.1932
0.229378,139.229
0.232344,1455.5
0.23581,-33.2187
0.242541,1590.81
0.24458,1144.63
0.244726,-262.58
0.246447,1070.29
0.250956,1932.17
0.251383,-900.791
0.254548,1474.72
0.257052,1029.8
0.260709,394.457
0.270136,669.332
0.271231,2329.18
0.271815,-129.92
0.271875,185.662
0.277849,2385.04
0.284195,-1308.51
0.284389,-492.688
0.286624,2153.32
0.287268,317.87
0.288935,256.616
0.295016,1081.29
0.297363,1087.25
0.302775,-91.9167
0.312914,446.344
0.318813,2059.31
0.319767,-925.137
0.322817,-14.2503
0.32447,982.655
0.325485,1799.2
0.333165,184.56
0.333263,1268.33
0.336075,2887.65
0.341042,1425.17
0.34149,-539.723
0.34547,381.191
0.345934,-322.847
0.346337,775.805
0.347732,-21.4468
0.350891,471.587
0.350913,534.356
0.354759,1399.68
0.356193,-89.0732
0.356549,451.099
0.35711,1652.96
0.359416,236.98
0.359615,2097.14
0.360667,-902.945
0.360874,1418.78
0.363322,472.211
0.363728,55.4004
0.364044,1522.04
0.364624,2549.71
0.366436,-404.617
0.366498,398.882
0.368885,-523.999
0.369432,2016.79
0.369517,204.551
0.381336,519.481
0.381478,-919.698
0.385853,2238.55
0.386799,2022.37
0.389019,1629.34
0.392398,2207.75
0.394304,-42.7115
0.395246,889.532
0.395767,4.77571
0.39634,675.653
0.397274,-935.922
0.397649,34.761
0.401735,-478.599
0.404088,1003.38
0.406564,-190.602
0.406779,840.696
0.408369,2291.98
0.411831,944.208
0.414259,-1305.66
0.419878,-353.923
0.420624,-557.34
0.426988,1111.12
0.429492,-1395.53
0.435008,2288.05
0.437728,629.999
0.442859,501.655
0.450138,-339.762
0.453323,-255.487
0.458261,-390.55
0.462093,2175.08
0.462733,510.933
0.463205,-713.321
0.46433,-64.7935
0.464725,-475.16
0.469802,281.068
0.479701,172.579
0.480983,13.3057
0.483084,761.665
0.483576,372.759
0.485288,2134.8
0.490697,579.157
0.493805,1507.61
0.495788,-293.844
0.497731,497.328
0.503648,-539.519
0.507898,-1036.73
0.509809,219.135
0.513483,1490.62
0.516179,-686.259
0.518261,1404.57
0.522875,-312.68
0.524811,270.048
0.528335,206.279
0.529245,-1037.33
0.531903,340.149
0.533726,469.386
0.535554,-246.304
0.536019,496.945
0.536522,-1121.92
0.544451,388.221
0.545358,-415.904
0.546731,2885.55
0.547894,679.643
0.54934,1469.61
0.555033,296.183
0.555034,563.481
0.560387,885.787
0.562718,1986.39
0.564606,69.1653
0.565369,544.032
0.566669,-92.6582
0.570934,-928.213
0.5713,941.43
0.57393,-365.946
0.574299,-382.477
0.576972,-892.349
0.580468,1503.11
0.582072,1566.94
0.585399,1112.98
0.58594,139.624
0.599432,545.446
0.610121,503.307
0.616165,454.357
0.621211,307.253
0.625735,2037.01
0.626364,1898.62
0.629661,1608.41
0.639641,81.1681
0.645674,745.964
0.650487,727.198
0.653845,137.784
0.653952,355.969
0.663024,902.631
0.664535,993.088
0.664934,1295.16
0.66913,1022.7
0.678429,943.021
0.678741,2562.22
0.681117,1547.22
0.68794,1146.39
0.691201,1934.94
0.702046,18.7526
0.70227,1978.59
0.703513,2660.81
0.710041,552.924
0.712061,1446.96
0.715623,1713.33
0.715809,-82.0338
0.723589,-1201.55
0.727297,91.5106
0.72792,-14.2351
0.738298,-1541.8
0.738566,-773.684
0.748258,-957.189
0.753131,-39.1621
0.754445,2518.79
0.755454,307.429
0.761227,-474.421
0.771695,-57.7294
0.774108,-677.711
0.778052,122.859
0.780196,1777.1
0.786105,-2410.53
0.787844,837.454
0.794392,2540.36
0.798089,1782.5
0.802656,395.368
0.8052,244.864
0.806843,1869.58
0.806909,303.492
0.808639,-1830.84
0.820612,-529.895
0.828865,-513.369
0.846266,-522.461
0.849324,-225.197
0.850585,2290.16
0.853447,297.009
0.858154,671.223
0.858869,296.792
0.862923,306.552
0.863861,-1254.75
0.864926,847.033
0.873144,207.814
0.873744,2596.25
0.881413,-294.596
0.888082,-25.9692
0.89186,2637.81
0.898321,-28.7048
0.899978,122.115
0.902017,-449.755
0.902484,366.883
0.908397,-908.313
0.911658,-603.115
0.925929,174.812
0.926981,-1339.57
0.92707,-114.286
0.928449,856.83
0.92878,906.655
0.954121,846.124
0.955954,909.416
0.957825,140.105
0.957934,21.7028
0.964362,-342.79
0.971818,-547.132
0.977243,-660.093
0.98355,1372.07
0.98616,-492.961
0.986217,-420.251
0.997679,512.846
1.0031,496.843
1.02498,693.728
1.03592,3592.91
1.03618,1325.53
1.03638,-1216.4
1.03767,-190.898
1.05316,644.12
1.05409,-2682.81
1.05702,680.363
1.06111,2585.26
1.06676,506.631
1.07028,-541.823
1.07397,742.961
1.07794,646.109
1.09141,-620.179
1.11498,-246.65
1.11561,2905.74
1.12053,128.341
1.12613,-1338.58
1.12721,1144.59
1.13531,-1798.57
1.14017,-1222.4
1.14112,1695.85
1.14847,1847.28
1.151,390.727
1.15563,-225.608
1.16772,-279.895
1.17499,222.853
1.18448,131.752
1.19461,2005.62
1.20495,3056.89
1.2072,583.088
1.20763,867.144
1.21039,911.852
1.21321,899.111
1.21946,-283.915
1.22565,3131.93
1.26396,716.008
1.26714,543.454
1.26889,939.86
1.2714,6.43655
1.28099,-527.093
1.28149,1798.14
1.28543,279.076
1.29344,-1030.2
1.29931,-2.96247
1.31518,245.05
1.33116,430.386
1.336,421.984
1.33864,-342.711
1.34,768.255
1.36969,714.419
1.37364,526.163
1.37749,1218.96
1.37993,915.323
1.38376,266.281
1.40724,-1387.14
1.40735,-893.664
1.42124,-250.966
1.43306,1004.17
1.46284,2544.28
1.46444,324.603
1.50459,1216.1
1.50655,60.1724
1.50748,-65.6421
1.53722,990.759
1.56214,-613.408
1.57063,-789.121
1.60757,901.228
1.60924,337.524
1.61479,2025.84
1.63067,-1798.16
1.64279,1385.14
1.64696,534.936
1.67999,-125.945
1.69607,718.452
1.7287,2537.8
1.76437,328.102
1.76817,5.1888
1.77702,555.853
1.78398,444.64
1.81261,432.597
1.82656,613.831
1.84401,-552.756
1.86515,888.167
1.87358,1374.8
1.88882,872.462
1.90653,496.108
1.92782,-35.8065
1.94566,-183.939
1.96728,215.264
1.98237,302.934
2.01489,-705.504
2.01603,331.209
2.07641,-1992.5
2.13552,664.439
2.14193,-803.108
2.21277,-1168.77
2.23122,5.71218
2.23712,26.3416
2.28949,834.689
2.31618,-249.598
2.50869,3018.89
2.68389,1135.32
2.70387,211.434
2.72825,817.591
2.73266,812.777
2.77988,1310.56
2.78359,935.826
2.87627,941.535
2.89313,232.719
3.04494,-600.294
3.202,267.512
3.38128,-36.5352
3.44608,-228.363
3.61743,1304.48
3.80916,2797.58
4.48723,1722.7
5.76995,169.922
