Pressure
2.29495
1.73481
0.592408
0.56844
2.37984
0.535781
1.08673
1.15768
1.20168
0.653043
0.430577
1.59348
1.4551
1.35208
0.637174
1.64517
1.25674
1.10008
1.15184
1.38971
0.778493
2.55853
1.57503
3.3055
0.714706
0.653094
2.76906
0.534163
0.595407
1.4834
1.8191
2.04488
0.386533
1.16454
0.46759
0.652822
0.0457925
1.25982
0.035122
0.224648
2.67026
0.394572
0.701043
0.647567
0.988442
0.890899
0.113569
0.481814
0.363559
1.32618
0.700755
1.07894
0.691419
0.957715
0.854024
0.150075
1.62006
0.506979
1.46876
1.13293
1.97623
0.865615
1.67315
0.558418
0.541656
1.08486
0.212684
0.343077
0.435767
0.1271
0.173553
0.209441
2.43484
0.853209
1.60673
0.599373
0.49878
0.36839
3.01325
0.40521
0.792418
0.332142
1.38431
1.83921
0.564839
0.527887
1.15008
1.56622
0.69967
0.986486
0.90707
4.68813
0.941878
0.20303
1.91528
1.48975
0.868073
1.23093
0.26949
1.2889
0.75145
2.45671
2.565
0.824735
