Pressure, Change in distance between ball and goal
7.55765e-05,1660.44
0.00150501,688.487
0.0133464,1174.36
0.0186112,143.42
0.0194752,-820.992
0.0674217,-130.768
0.0699677,-131.873
0.0721564,-480.464
0.0742126,-510.731
0.0812039,1897.37
0.0868024,2049.87
0.0886378,2608.27
0.0893176,373.899
0.11047,749.743
0.110594,3209.32
0.112429,-420.867
0.11425,482.452
0.115943,-898.188
0.116502,-957.323
0.154023,-267.215
0.160258,1989.83
0.16075,787.341
0.161541,749.506
0.168676,2184.79
0.169764,2342.45
0.176558,311.525
0.180864,-576.567
0.181496,-394.735
0.183827,3273.45
0.184173,-537.572
0.188397,-139.802
0.192513,2368.1
0.193808,707.742
0.195657,1163.84
0.197885,-135.514
0.20125,380.158
0.201879,372.656
0.203939,936.917
0.210488,-258.801
0.210806,929.472
0.217518,-373.963
0.224087,291.144
0.228147,389.944
0.229996,-1941.11
0.232434,1596.65
0.240432,-397.367
0.250372,1404.9
0.260709,394.457
0.263148,690.334
0.269582,-165.709
0.270109,-610.127
0.271231,2329.18
0.271875,185.662
0.277784,-1001.71
0.278062,-757.188
0.279034,1002.41
0.284195,-1308.51
0.285928,130.864
0.286624,2153.32
0.286653,1587.7
0.289567,-186.326
0.291931,2693.17
0.292375,296.787
0.294283,-228.158
0.300225,-863.427
0.306146,96.988
0.313993,-533.754
0.314493,-836.502
0.318813,2059.31
0.32226,2916.58
0.32447,982.655
0.336604,760.952
0.337378,1117.38
0.347732,-21.4468
0.356193,-89.0732
0.356549,451.099
0.363436,5.22028
0.368693,80.6542
0.369432,2016.79
0.374195,1439.77
0.376508,-495.911
0.381478,-919.698
0.384111,2979.14
0.385603,1077.62
0.39634,675.653
0.397649,34.761
0.399549,-961.309
0.400524,1000.34
0.404655,1745.46
0.406564,-190.602
0.414259,-1305.66
0.419878,-353.923
0.422728,1222.95
0.427379,-888.483
0.427406,65.3865
0.437728,629.999
0.439786,1351.49
0.443886,2144.83
0.448453,1385.94
0.450084,-51.4077
0.453323,-255.487
0.463205,-713.321
0.464725,-475.16
0.469802,281.068
0.476444,266.894
0.476747,98.8366
0.485288,2134.8
0.502087,1778.14
0.503105,1020.99
0.503648,-539.519
0.505777,2066.38
0.509809,219.135
0.510998,363.607
0.512385,2020.21
0.513483,1490.62
0.516118,90.4349
0.518261,1404.57
0.521601,323.366
0.521934,-465.271
0.522875,-312.68
0.527702,1807.47
0.531903,340.149
0.533726,469.386
0.534,926.864
0.535962,2320.04
0.537516,663.309
0.542899,-132.303
0.544451,388.221
0.544576,115.988
0.545358,-415.904
0.546731,2885.55
0.547894,679.643
0.550544,512.651
0.55692,-18.7236
0.564313,-534.425
0.564606,69.1653
0.565573,333.206
0.569799,-84.3
0.582072,1566.94
0.585399,1112.98
0.585585,37.0368
0.587491,-730.236
0.591434,455.823
0.592044,590.428
0.592604,-1002.11
0.599432,545.446
0.615184,162.881
0.618644,310.908
0.620897,2510.51
0.625029,652.355
0.625735,2037.01
0.633081,178.627
0.653952,355.969
0.662264,44.7645
0.673659,1435.28
0.675812,503.309
0.676374,-177.925
0.678429,943.021
0.678741,2562.22
0.689635,1555.59
0.690248,262.428
0.69254,-19.4655
0.70227,1978.59
0.704416,2665.47
0.712061,1446.96
0.713199,-23.8276
0.715623,1713.33
0.727297,91.5106
0.738298,-1541.8
0.748258,-957.189
0.749105,787.638
0.749533,57.6171
0.749741,528.025
0.763897,-1549.04
0.767445,-1358.69
0.774108,-677.711
0.778895,705.715
0.780196,1777.1
0.789627,1185.17
0.791787,-276.57
0.801388,-621.006
0.80417,555.158
0.804617,-993.278
0.806843,1869.58
0.808639,-1830.84
0.814747,2528.63
0.815884,-105.158
0.826029,1412.14
0.826637,-1421.04
0.83336,-784.718
0.833931,-22.8888
0.836067,1482.85
0.837069,127.325
0.84282,621.093
0.850585,2290.16
0.853447,297.009
0.85461,-533.585
0.854692,-970.406
0.863129,285.817
0.873661,353.043
0.884823,845.583
0.89186,2637.81
0.895342,-935.86
0.897002,-1992.13
0.898321,-28.7048
0.899978,122.115
0.902017,-449.755
0.908178,780.403
0.908397,-908.313
0.910917,-413.949
0.911658,-603.115
0.915606,-1026.29
0.92046,-770.026
0.92707,-114.286
0.928449,856.83
0.945581,820.201
0.952785,-657.39
0.954121,846.124
0.964362,-342.79
0.971158,2623.25
0.971497,-768.067
0.971818,-547.132
0.980451,528.101
0.990159,-954.398
0.991177,95.0323
1.00933,-668.815
1.01337,683.145
1.022,191.301
1.03592,3592.91
1.04734,469.626
1.05268,1391.57
1.05316,644.12
1.05409,-2682.81
1.06676,506.631
1.07675,107.799
1.07904,2354.06
1.09252,248.747
1.10508,192.071
1.12613,-1338.58
1.13707,-142.646
1.14112,1695.85
1.16772,-279.895
1.17499,222.853
1.18349,-671.039
1.18448,131.752
1.20495,3056.89
1.21321,899.111
1.22565,3131.93
1.2379,-797.447
1.25645,-1303.49
1.27023,1454.36
1.28099,-2019.75
1.28099,-527.093
1.28149,1798.14
1.28543,279.076
1.29931,-2.96247
1.30433,286.599
1.3139,-52.5898
1.32352,1305.75
1.32411,-393.242
1.32527,642.837
1.33116,430.386
1.34,768.255
1.35741,1285.09
1.36969,714.419
1.37749,1218.96
1.40087,708.685
1.40277,-419.634
1.40388,866.541
1.40735,-893.664
1.42124,-250.966
1.42365,117.667
1.44653,982.738
1.45429,210.805
1.486,-0.746191
1.49406,-31.3367
1.49656,798.294
1.4968,-1872.18
1.50655,60.1724
1.50881,1341.91
1.5328,534.496
1.53918,-279.008
1.55363,504.643
1.5921,960.214
1.60757,901.228
1.60924,337.524
1.61479,2025.84
1.64696,534.936
1.64717,452.763
1.65061,-94.5334
1.65132,315.222
1.69607,718.452
1.72116,-1583.83
1.7287,2537.8
1.74104,1777.93
1.75479,-1288.78
1.80382,-150.599
1.81117,-544.5
1.82376,610.668
1.84401,-552.756
1.84551,256.26
1.86211,689.723
1.86515,888.167
1.88882,872.462
1.93899,-509.437
1.94394,1688.29
1.94566,-183.939
1.96054,-672.505
2.01603,331.209
2.07641,-1992.5
2.12843,3137.96
2.14193,-803.108
2.21277,-1168.77
2.26066,2989.63
2.28949,834.689
2.31618,-249.598
2.32184,-478.702
2.43138,973.642
2.51822,841.264
2.52271,1131.31
2.5273,-186.962
2.53554,-200.247
2.54208,381.626
2.68389,1135.32
2.69326,-497.636
2.78359,935.826
2.82165,184.889
2.93134,1520.98
3.04494,-600.294
3.33812,-379.499
3.44608,-228.363
3.61743,1304.48
3.80962,2990.69
4.66691,1709.49
4.83822,-1414.67
5.76995,169.922
