Pressure
0.379342
0.712434
0.483367
1.46914
1.55425
1.35425
0.381326
0.846982
0.607603
0.424601
0.826515
2.42106
0.618635
0.396783
2.33032
0.206995
1.03614
2.50438
0.150675
2.76113
0.392744
1.33666
0.698722
1.73784
1.17953
0.991278
2.32088
0.924522
0.706556
0.227374
0.495479
1.35978
1.63944
0.464585
0.80813
1.22118
0.066068
1.88748
1.16285
1.41537
0.591789
0.144005
0.531184
0.291265
0.388116
2.24876
2.88766
0.135409
0.376232
2.41572
1.23856
1.74897
1.23874
1.35369
0.606178
0.572873
4.22583
0.884013
1.82019
1.33059
2.79976
0.328374
0.405874
0.479792
0.266906
0.336968
0.629747
0.843341
1.43416
0.123709
0.959626
1.1195
0.23765
0.734286
1.20049
0.915801
0.207989
0.46361
0.622903
0.491343
0.42935
0.114067
1.27948
0.50226
0.0354859
0.793987
0.484643
0.548927
0.43582
0.204868
1.29702
0.988505
0.287564
2.96563
1.79355
