Pressure
0.516454
0.931363
0.215846
1.18843
0.344908
0.187303
0.222159
0.170323
0.623954
0.691587
0.750989
0.522457
1.07054
0.17789
2.17716
1.04116
2.85744
2.3394
2.46645
1.01041
1.82655
1.30092
1.02964
1.5617
1.17635
0.506352
0.683515
0.579612
1.02675
0.720804
2.25766
1.31875
1.48715
0.12712
3.13417
1.55326
0.458311
0.745019
0.504523
0.410955
3.66236
0.775258
0.285552
1.80166
0.645162
0.118181
1.957
2.04442
1.83853
0.656237
1.61136
0.125683
1.54611
1.12728
0.696526
0.176
2.71583
0.679197
0.2664
1.50459
1.02152
1.71678
1.04911
0.347997
0.433518
1.52941
1.37628
0.787028
1.6361
1.95028
1.20835
1.36589
0.915492
1.9667
0.595178
3.30866
0.116058
1.25186
0.321945
0.136034
0.368885
1.661
0.58363
0.957075
1.13191
0.881935
0.985476
0.92972
0.735142
0.860789
0.306069
0.710532
1.9112
1.56675
1.00923
1.5268
0.124551
1.5619
0.170541
0.93778
1.70174
1.57749
2.95384
0.125444
3.38128
1.64266
1.01749
